Examples/example_1/topography.grd
DSAA
786 704
425376.61794044 433727.98806115
4515717.5923327 4523196.5900332
0 456
[rows 595 to 629 of 704, columns 632 to 710 of 786]
88.8 88.76 88.73 88.72 88.7 88.66 88.62 88.58 88.49 88.44 88.39 88.34 88.29 88.23 88.17 88.22 88.16 88.1 88.06 88 87.93 87.86 87.79 87.72 87.66 87.59 87.54 87.5 87.52 87.73 87.75 87.78 87.8 87.83 87.85 87.88 87.9 87.93 87.95 87.98 88.01 88.03 88.06 88.24 88.27 88.29 88.32 88.34 88.37 88.33 88.28 88.39 88.46 88.53 88.6 88.64 88.73 88.87 89.18 89.32 89.46 89.73 89.91 90.16 90.44 90.66 90.85 91.04 91.14 91.19 91.27 91.39 92.1 92.2 92.21 92.21 92.22 92.2 92.17
88.8 88.78 88.83 88.81 88.8 88.75 88.7 88.66 88.58 88.53 88.48 88.43 88.38 88.33 88.27 88.22 88.26 88.2 88.15 88.08 88.01 87.94 87.88 87.81 87.74 87.68 87.64 87.65 87.68 87.73 87.75 87.94 87.97 87.99 88.02 88.04 88.07 88.09 88.12 88.14 88.17 88.19 88.22 88.24 88.27 88.46 88.48 88.51 88.53 88.52 88.46 88.57 88.64 88.71 88.78 88.83 88.9 89.04 89.18 89.66 89.8 89.94 90.15 90.41 90.62 91.18 91.38 91.57 91.7 91.76 91.82 91.88 92.1 92.2 92.5 92.5 92.51 92.5 92.47
88.88 88.86 88.83 88.81 88.88 88.87 88.83 88.79 88.66 88.61 88.57 88.52 88.47 88.41 88.36 88.31 88.26 88.2 88.23 88.17 88.1 88.03 87.96 87.89 87.83 87.78 87.79 87.82 87.84 87.89 87.92 87.94 88.13 88.16 88.18 88.21 88.23 88.26 88.28 88.31 88.33 88.36 88.38 88.41 88.43 88.46 88.48 88.83 88.86 88.87 88.82 88.93 89 89.06 89.13 89.2 89.26 89.38 89.52 89.66 89.8 90.21 90.49 90.77 90.88 91.14 91.43 91.65 91.99 92.04 92.1 92.16 92.33 92.45 92.5 92.79 92.8 92.79 92.76
88.96 88.93 88.91 88.9 88.88 88.95 88.91 88.87 88.82 88.74 88.7 88.65 88.55 88.5 88.45 88.4 88.35 88.3 88.23 88.17 88.18 88.11 88.04 87.97 87.92 87.93 87.96 87.98 88.01 88.06 88.08 88.11 88.13 88.16 88.51 88.53 88.56 88.58 88.61 88.63 88.66 88.68 88.71 88.73 88.76 88.78 88.81 88.83 89.02 89.05 89.01 89.11 89.17 89.24 89.31 89.38 89.44 89.55 89.69 89.83 89.98 90.21 90.49 91.12 91.23 91.37 91.66 91.91 92.11 92.27 92.33 92.38 92.57 92.69 92.78 92.79 92.8 93.08 93.05
89.03 89.01 88.99 88.98 88.97 88.95 88.91 88.95 88.91 88.82 88.78 88.73 88.69 88.64 88.59 88.54 88.44 88.39 88.32 88.25 88.18 88.28 88.21 88.17 88.2 88.24 88.27 88.31 88.33 88.38 88.41 88.43 88.46 88.48 88.51 88.53 88.72 88.75 88.77 88.8 88.82 88.85 88.87 88.9 88.92 88.95 88.97 89 89.02 89.05 89.19 89.28 89.35 89.42 89.49 89.56 89.62 89.71 89.85 90.01 90.27 90.55 90.83 91.12 91.64 91.66 91.9 92.17 92.37 92.54 92.61 92.67 92.72 92.84 92.93 93.04 93.09 93.08 93.35
89.11 89.09 89.07 89.06 89.05 89.03 88.99 88.95 88.91 88.98 88.94 88.9 88.86 88.81 88.77 88.72 88.67 88.62 88.55 88.41 88.35 88.28 88.21 88.28 88.29 88.33 88.37 88.41 88.46 88.54 88.57 88.6 88.62 88.65 88.67 88.7 88.72 88.91 88.94 88.96 88.99 89.01 89.04 89.06 89.09 89.11 89.14 89.16 89.19 89.21 89.19 89.46 89.53 89.6 89.67 89.74 89.8 89.89 90.06 90.33 90.61 90.89 91.17 91.46 91.64 91.66 92.13 92.42 92.64 92.82 92.89 92.95 93.01 93.12 93.18 93.28 93.37 93.38 93.38
89.34 89.33 89.32 89.3 89.29 89.28 89.24 89.19 89.15 89.07 89.02 88.98 89.02 88.98 88.93 88.89 88.85 88.79 88.72 88.65 88.58 88.51 88.44 88.41 88.4 88.4 88.53 88.59 88.63 88.72 88.76 88.81 88.86 88.9 88.95 88.99 89.03 89.07 89.1 89.12 89.3 89.33 89.36 89.39 89.41 89.44 89.46 89.49 89.51 89.54 89.55 89.64 89.71 89.78 89.85 90.22 90.39 90.56 90.76 91.01 91.29 91.57 91.86 92.14 92.39 92.43 92.44 92.65 92.91 93.37 93.46 93.52 93.57 93.69 93.74 93.8 93.88 93.96 93.96
89.42 89.41 89.4 89.38 89.37 89.36 89.32 89.28 89.23 89.15 89.1 89.06 89.02 89.06 89.01 88.98 88.93 88.87 88.8 88.73 88.66 88.59 88.53 88.52 88.51 88.51 88.53 88.56 88.69 88.72 88.85 88.89 88.94 88.98 89.03 89.08 89.12 89.17 89.21 89.26 89.3 89.33 89.48 89.53 89.56 89.6 89.63 89.65 89.68 89.7 89.72 89.82 89.89 89.96 90.07 90.22 90.82 90.99 91.18 91.39 91.63 91.91 92.2 92.48 92.76 92.84 92.83 92.9 93.16 93.37 93.46 93.8 93.86 93.97 94.03 94.08 94.14 94.22 94.25
89.42 89.49 89.48 89.47 89.45 89.44 89.4 89.36 89.31 89.23 89.19 89.14 89.1 89.06 89.01 89.07 89.02 88.95 88.88 88.81 88.74 88.67 88.65 88.64 88.63 88.62 88.63 88.66 88.69 88.82 88.88 88.93 88.98 89.02 89.11 89.16 89.2 89.25 89.3 89.34 89.39 89.43 89.48 89.53 89.65 89.7 89.75 89.79 89.83 89.86 89.89 90.03 90.16 90.33 90.49 90.66 90.82 90.99 91.61 91.81 92.02 92.26 92.54 92.82 93.1 93.24 93.23 93.23 93.4 93.63 93.74 93.8 94.14 94.25 94.31 94.37 94.42 94.48 94.54
89.5 89.49 89.56 89.55 89.54 89.52 89.48 89.44 89.4 89.31 89.27 89.22 89.18 89.14 89.11 89.07 89.02 89.03 88.96 88.89 88.82 88.77 88.76 88.75 88.74 88.74 88.75 88.76 88.79 88.82 88.88 89.01 89.06 89.1 89.15 89.2 89.24 89.29 89.38 89.42 89.47 89.52 89.56 89.61 89.65 89.78 89.83 89.87 89.92 89.97 90.07 90.43 90.59 90.76 90.92 91.09 91.25 91.42 91.61 91.81 92.44 92.65 92.88 93.16 93.44 93.64 93.63 93.63 93.67 93.9 94.03 94.08 94.14 94.25 94.59 94.65 94.71 94.76 94.82
89.58 89.57 89.56 89.55 89.62 89.6 89.56 89.52 89.48 89.39 89.35 89.31 89.27 89.24 89.21 89.17 89.1 89.03 89.03 88.96 88.9 88.89 88.88 88.87 88.86 88.85 88.86 88.87 88.89 88.92 88.98 89.01 89.06 89.19 89.23 89.28 89.32 89.37 89.42 89.46 89.51 89.6 89.65 89.69 89.74 89.78 89.83 89.96 90.04 90.21 90.4 90.86 91.03 91.19 91.36 91.52 91.69 91.85 92.04 92.24 92.44 93.08 93.28 93.5 93.78 94.02 94.03 94.03 94.03 94.15 94.31 94.37 94.42 94.54 94.59 94.65 95 95.07 95.13
89.67 89.65 89.64 89.63 89.62 89.6 89.64 89.6 89.56 89.47 89.43 89.4 89.38 89.34 89.3 89.25 89.18 89.1 89.03 88.96 89.01 89 88.99 88.98 88.97 88.96 88.97 88.98 88.99 89.02 89.08 89.11 89.14 89.19 89.32 89.36 89.41 89.45 89.5 89.54 89.59 89.64 89.68 89.73 89.77 89.87 89.91 89.96 90.36 90.56 90.75 91.26 91.46 91.62 91.79 91.95 92.12 92.29 92.47 92.67 92.87 93.08 93.28 93.91 94.13 94.39 94.44 94.43 94.43 94.44 94.59 94.65 94.71 94.82 94.88 94.94 95 95.48 95.41
89.75 89.73 89.72 89.71 89.7 89.68 89.64 89.68 89.64 89.56 89.54 89.51 89.48 89.44 89.39 89.33 89.26 89.18 89.11 89.04 89.01 89.12 89.11 89.1 89.09 89.08 89.08 89.09 89.1 89.12 89.18 89.21 89.24 89.28 89.32 89.36 89.49 89.54 89.58 89.63 89.67 89.72 89.76 89.81 89.86 89.9 89.95 90.02 90.17 90.56 91.1 91.62 91.87 92.05 92.22 92.39 92.55 92.72 92.9 93.1 93.3 93.51 93.71 93.91 94.54 94.75 94.84 94.83 94.83 94.82 94.87 94.93 95 95.15 95.24 95.32 95.4 95.48 95.41
89.91 89.9 89.89 89.87 89.86 89.85 89.81 89.77 89.73 89.67 89.75 89.7 89.66 89.62 89.57 89.49 89.41 89.34 89.28 89.25 89.24 89.23 89.22 89.21 89.2 89.31 89.3 89.31 89.32 89.34 89.38 89.42 89.45 89.48 89.51 89.54 89.57 89.62 89.66 89.79 89.84 89.88 89.93 89.98 90.1 90.29 90.48 90.67 90.87 91.06 91.25 91.45 91.96 92.6 92.87 93.06 93.42 93.58 93.76 93.96 94.16 94.36 94.57 94.77 94.98 95.23 95.31 95.3 95.81 95.78 95.67 95.74 95.82 95.99 96.08 96.16 96.2 96.06 95.91
90.01 89.98 89.97 89.95 89.94 89.93 89.89 89.86 89.83 89.78 89.75 89.7 89.75 89.71 89.65 89.57 89.49 89.42 89.38 89.36 89.36 89.35 89.34 89.33 89.32 89.31 89.41 89.42 89.43 89.45 89.49 89.52 89.55 89.58 89.61 89.64 89.67 89.7 89.75 89.79 89.84 89.97 90.07 90.25 90.44 90.64 90.83 91.02 91.22 91.41 91.6 91.8 92.3 92.6 92.87 93.47 93.66 93.85 94.02 94.19 94.59 94.79 95.01 95.26 95.53 95.78 95.82 95.82 95.81 96.2 96.09 96.16 96.24 96.41 96.5 96.57 96.47 96.31 96.15
90.35 90.3 90.25 90.15 90.1 90.06 90.01 89.96 89.94 89.88 89.84 89.8 89.75 89.71 89.73 89.65 89.57 89.51 89.49 89.48 89.47 89.46 89.45 89.44 89.43 89.42 89.41 89.42 89.54 89.56 89.59 89.62 89.65 89.68 89.71 89.74 89.77 89.8 89.83 89.88 89.92 89.97 90.41 90.6 90.79 90.99 91.18 91.37 91.57 91.76 91.95 92.14 92.64 92.94 93.24 93.47 93.66 94.25 94.44 94.62 94.82 95.04 95.3 95.83 96.1 96.32 96.34 96.33 96.32 96.2 96.09 96.58 96.66 96.83 96.91 96.87 96.71 96.56 96.4
90.35 90.64 90.59 90.54 90.49 90.44 90.38 90.22 90.14 89.98 89.93 89.89 89.85 89.8 89.73 89.73 89.65 89.61 89.6 89.59 89.59 89.58 89.57 89.56 89.55 89.54 89.53 89.53 89.54 89.56 89.7 89.72 89.75 89.78 89.81 89.84 89.87 89.9 89.93 89.96 90.04 90.21 90.41 90.6 91.14 91.34 91.53 91.72 91.92 92.11 92.3 92.49 92.97 93.28 93.58 93.86 94.06 94.25 94.85 95.09 95.33 95.6 95.86 96.13 96.4 96.67 96.86 96.85 96.78 96.61 96.5 96.58 96.66 97.25 97.27 97.12 96.96 96.8 96.65
90.69 90.64 90.59 90.88 90.83 90.78 90.71 90.63 90.55 90.47 90.27 89.99 89.94 89.89 89.81 89.73 89.65 89.73 89.72 89.71 89.7 89.69 89.68 89.67 89.66 89.65 89.64 89.64 89.65 89.67 89.7 89.82 89.85 89.88 89.91 89.94 89.98 90.05 90.16 90.3 90.42 90.57 90.76 90.95 91.14 91.34 91.88 92.07 92.27 92.46 92.65 92.84 93.31 93.62 93.92 94.22 94.47 94.66 94.85 95.09 95.93 96.17 96.43 96.7 96.97 97.24 97.38 97.37 97.34 97.18 97.02 97 97.08 97.25 97.52 97.36 97.21 97.05 96.89
91.04 90.98 90.93 90.88 91.17 91.12 91.04 90.96 90.88 90.8 90.65 90.48 90.3 90.13 89.89 89.81 89.74 89.73 89.72 89.82 89.82 89.81 89.8 89.79 89.78 89.77 89.76 89.75 89.77 89.78 89.81 89.82 89.85 89.99 90.08 90.2 90.34 90.48 90.63 90.77 90.89 90.98 91.12 91.3 91.49 91.69 91.88 92.42 92.62 92.81 93 93.19 93.65 93.96 94.26 94.56 94.86 95.13 95.44 95.76 95.93 96.76 97 97.27 97.54 97.81 97.89 97.88 97.76 97.59 97.43 97.33 97.42 97.5 97.52 97.36 97.45 97.29 97.14
91.38 91.33 91.28 91.22 91.17 91.12 91.37 91.29 91.21 91.14 91.03 90.86 90.68 90.51 90.2 89.97 89.89 89.85 89.83 89.82 89.93 89.92 89.91 89.9 89.89 89.88 89.87 89.87 89.88 89.89 89.92 89.93 89.95 89.99 90.53 90.67 90.81 90.95 91.1 91.24 91.37 91.44 91.55 91.68 91.84 92.03 92.23 92.42 92.62 93.16 93.35 93.54 93.99 94.3 94.6 94.91 95.34 95.78 96.12 96.45 96.68 96.76 97 97.84 98.11 98.36 98.41 98.33 98.17 98 97.83 97.75 97.84 97.92 97.93 97.77 97.61 97.7 97.39
92.06 92.01 91.96 91.91 91.86 91.79 91.7 91.62 91.54 91.85 91.78 91.61 91.44 91.23 90.9 90.54 90.3 90.24 90.21 90.18 90.16 90.13 90.1 90.44 90.41 90.35 90.32 90.3 90.31 90.36 90.45 90.49 90.57 90.81 91 91.14 91.28 91.42 92.04 92.18 92.31 92.39 92.47 92.57 92.69 92.81 92.94 93.12 93.31 93.51 93.7 93.89 94.67 95 95.46 95.97 96.48 96.95 97.4 97.81 98.14 98.26 98.3 98.42 98.68 98.9 99.32 99.15 98.98 98.82 98.65 98.59 98.68 98.72 98.42 98.26 98.1 97.94 97.79
92.4 92.35 92.3 92.25 92.2 92.12 92.03 91.95 91.88 91.85 91.78 91.99 91.82 91.59 91.24 90.91 90.72 90.61 90.58 90.55 90.52 90.49 90.47 90.44 90.41 90.75 90.72 90.69 90.68 90.72 90.81 90.85 90.93 91.17 91.42 91.61 91.75 91.9 92.04 92.65 92.79 92.87 92.94 93.02 93.14 93.26 93.38 93.5 93.66 93.86 94.05 94.23 94.67 95 96.03 96.54 97.05 97.52 97.97 98.41 98.82 99.03 99.07 99.11 99.25 99.43 99.32 99.15 99.39 99.23 99.06 99.01 99.08 98.98 98.66 98.51 98.35 98.19 98.03
92.74 92.69 92.64 92.59 92.54 92.45 92.36 92.28 92.23 92.21 92.15 91.99 92.2 91.94 91.59 91.32 91.15 90.99 90.94 90.92 90.89 90.86 90.83 90.8 90.77 90.75 90.72 91.06 91.07 91.05 91.08 91.17 91.3 91.5 91.8 92.03 92.22 92.37 92.51 92.65 92.79 93.35 93.42 93.49 93.58 93.71 93.83 93.95 94.07 94.21 94.4 94.58 95.04 95.53 96.03 97.11 97.62 98.09 98.54 98.99 99.43 99.78 99.85 99.89 99.94 99.9 99.73 99.56 99.39 99.23 99.88 99.78 99.63 99.47 99.16 99 98.84 98.68 98.52
93.08 93.03 92.98 92.93 92.88 92.78 92.7 92.62 92.58 92.56 92.52 92.37 92.2 91.94 91.95 91.75 91.58 91.4 91.31 91.28 91.25 91.22 91.2 91.17 91.14 91.11 91.08 91.06 91.46 91.43 91.44 91.53 91.57 91.66 91.84 92.15 92.64 92.83 92.98 93.12 93.26 93.35 93.42 93.97 94.04 94.15 94.27 94.4 94.52 94.64 94.77 94.94 95.59 96.09 96.6 97.11 97.62 99.24 99.69 100.2 100.8 101.4 101.8 101.8 101.5 101.2 101 100.7 100.4 100.1 99.88 100 99.88 99.72 99.4 99.24 99.09 98.93 98.77
93.08 93.37 93.32 93.27 93.21 93.11 93.03 92.96 92.94 92.92 92.88 92.75 92.58 92.29 91.95 91.75 92.01 91.83 91.68 91.65 91.62 91.59 91.56 91.53 91.5 91.48 91.45 91.45 91.46 91.43 91.81 91.89 91.93 92.03 92.19 92.49 92.78 93.01 93.24 93.44 93.73 93.82 93.9 93.97 95.02 95.11 95.25 95.42 95.6 95.78 95.96 96.13 96.72 97.23 97.74 98.25 98.75 99.24 99.69 101 101.6 102.2 102.7 102.5 102.2 101.9 101.6 101.3 101 100.7 100.3 100 99.88 99.94 99.65 99.49 99.33 99.17 99.02
93.42 93.37 93.32 93.61 93.54 93.44 93.36 93.32 93.3 93.28 93.24 93.13 92.95 92.63 92.36 92.18 92.01 92.26 92.09 92.01 91.98 91.95 91.93 91.9 91.87 91.84 91.82 91.84 91.84 91.82 91.81 91.89 92.65 92.77 92.92 93.14 93.47 93.76 94 94.23 94.46 94.67 94.78 94.93 95.02 95.11 95.93 96.08 96.26 96.43 96.61 96.78 97.3 97.8 98.31 98.82 99.32 99.82 100.4 101 102.3 103.1 103.6 103.3 102.8 102.4 102 101.7 101.4 101.1 100.7 100.4 100.1 99.94 99.88 99.74 99.58 99.42 99.26
93.76 93.71 93.66 93.61 93.54 93.77 93.7 93.67 93.65 93.63 93.59 93.51 93.31 92.99 92.79 92.61 92.44 92.26 92.09 92.78 92.71 92.68 92.66 92.63 92.6 92.58 92.59 92.61 92.61 92.58 92.56 92.61 92.65 93.14 93.28 93.47 93.79 94.12 94.37 94.6 94.83 95.11 95.38 95.49 95.6 95.71 95.83 96.75 96.91 97.09 97.27 97.43 97.88 98.37 98.88 99.38 99.9 100.5 101.1 101.7 102.3 103.1 104.6 104.2 103.7 103.2 102.7 102.3 101.8 101.5 101.1 100.8 100.5 100.2 99.88 99.74 99.82 99.67 99.51
94.79 94.74 94.69 94.63 94.53 94.43 94.4 94.38 94.72 94.7 94.66 94.62 94.43 94.25 94.07 93.9 93.72 93.55 93.38 93.2 93.08 93.05 93.39 93.36 93.33 93.35 93.37 93.39 93.37 93.35 93.33 93.33 93.38 93.5 93.65 93.82 94.45 94.77 95.15 95.56 95.93 96.29 96.66 96.93 97.04 97.15 97.29 97.43 97.48 97.57 97.74 98.57 98.74 99.08 100 100.6 101.3 102.1 102.9 103.6 104.4 105.2 105.5 105.1 104.6 105 104.5 104.1 103.6 103.1 102.6 102.2 101.7 101.2 100.4 100 99.95 99.88 99.75
95.1 95.06 95.02 94.95 94.85 94.78 94.76 94.74 94.72 95.04 95 94.98 94.85 94.68 94.5 94.33 94.15 93.98 93.81 93.63 93.47 93.42 93.39 93.36 93.71 93.74 93.76 93.77 93.75 93.73 93.71 93.69 93.74 93.87 94.02 94.17 94.45 94.77 95.61 96.07 96.51 96.89 97.25 97.6 97.76 97.87 98.03 98.18 98.24 98.29 98.4 98.57 99.39 99.72 100.1 100.8 101.6 102.4 103.9 104.7 105.5 106.2 106.4 106 105.5 105 104.5 105 104.5 104 103.5 103.1 102.6 102.1 101.2 100.7 100.3 100.2 100
95.43 95.38 95.28 95.19 95.12 95.1 95.09 95.07 95.05 95.04 95 95.26 95.18 95.07 94.92 94.76 94.58 94.41 94.24 94.06 93.89 93.78 93.75 93.72 93.71 94.13 94.15 94.16 94.14 94.11 94.09 94.06 94.11 94.24 94.39 94.53 94.78 95.15 95.61 96.07 97 97.44 97.85 98.22 98.49 98.6 98.77 98.92 98.99 99.04 99.09 99.23 99.39 99.72 101.1 101.9 102.7 103.4 104.2 105 105.8 106.5 107.3 106.9 106.4 105.9 105.4 105 105.4 104.9 104.5 104 103.5 103 102.1 101.3 101.3 101.4 101.3
95.7 95.66 95.62 95.49 95.41 95.37 95.35 95.34 95.32 95.31 95.28 95.26 95.18 95.35 95.24 95.12 94.99 94.84 94.66 94.49 94.32 94.16 94.12 94.09 94.1 94.13 94.15 94.54 94.52 94.5 94.48 94.43 94.47 94.61 94.76 94.9 95.14 95.61 96.08 96.54 97 97.93 98.37 98.79 99.16 99.33 99.5 99.67 99.74 99.79 99.85 99.94 100.2 100.8 101.1 101.9 103.7 104.5 105.3 106 106.8 107.6 108.4 108.3 107.8 106.8 106.4 105.9 105.4 104.9 105.4 104.9 104.4 103.9 102.7 101.8 102.4 102.5 102.4
95.98 95.94 95.85 95.7 95.63 95.6 95.63 95.62 95.61 95.58 95.55 95.53 95.46 95.35 95.51 95.4 95.29 95.17 95.06 94.91 94.75 94.57 94.48 94.47 94.49 94.52 94.54 94.54 94.52 94.88 94.86 94.81 94.84 94.97 95.1 95.23 95.44 95.97 96.52 97.01 97.47 97.93 98.37 99.29 99.73 100.1 100.4 100.7 100.8 100.9 101 101.2 101.4 102.1 102.3 102.9 103.7 105.6 106.3 107.1 107.9 108.6 109.4 109.2 108.7 108.2 107.7 107.3 106.8 105.8 105.4 104.9 105.3 104.8 103.1 102.5 103.5 103.6 103.5
95.98 95.94 96.04 95.92 95.85 95.86 95.89 95.89 95.88 95.86 95.85 95.82 95.8 95.63 95.51 95.4 95.57 95.45 95.34 95.23 95.11 94.98 94.86 94.86 94.88 94.91 94.93 94.92 94.9 94.88 95.26 95.21 95.2 95.29 95.42 95.54 95.72 96.2 96.74 97.33 97.9 98.4 98.85 99.29 99.73 101.2 101.6 101.9 102.1 102.2 102.3 102.5 102.8 103.4 103.7 104 104.8 105.6 106.3 108.2 108.9 109.7 110.4 110.1 109.6 109.1 108.6 108.2 107.7 107.2 106.7 106.3 105.8 105.5 103.4 103.4 104.6 104.7 104.6
96.54 96.42 96.23 96.14 96.09 96.38 96.41 96.43 96.42 96.4 96.38 96.35 96.34 96.3 96.19 96.07 95.96 95.85 95.73 95.9 95.67 95.56 95.52 95.65 95.69 95.71 95.73 95.75 95.72 95.7 95.68 95.63 95.61 95.99 96.04 96.16 96.29 96.71 97.23 97.75 98.28 98.86 99.47 100.2 101.3 102.3 102.8 103.2 104.6 104.9 105.1 105.3 105.5 106.1 106.4 106.3 106.9 107.7 108.4 109.2 110 110.8 112.3 111.9 111.4 110.9 110.5 110 109.5 109 108.6 108.1 107.6 106.9 105.9 103.7 105.5 106.7 106.8
96.79 96.6 96.43 96.35 96.35 96.38 96.67 96.69 96.68 96.67 96.65 96.62 96.61 96.57 96.47 96.35 96.24 96.13 96.01 95.9 95.79 95.95 95.85 95.83 96.09 96.11 96.14 96.16 96.14 96.11 96.09 96.05 96.03 95.99 96.04 96.47 96.6 96.97 97.49 98.01 98.53 99.06 99.63 100.5 101.8 103 104 104.5 104.6 106.2 106.4 106.7 106.9 107.4 107.7 107.7 108 108.7 109.5 110.3 111 111.8 112.3 111.9 112.3 111.8 111.4 110.9 110.4 109.9 109.5 109 108.3 107.3 106.2 104.3 105.5 106.7 107.9
