Examples/example_1/topography.grd
DSAA
786 704
425376.61794044 433727.98806115
4515717.5923327 4523196.5900332
0 456
[rows 455 to 489 of 704, columns 0 to 78 of 786]
49.89 50.12 50.38 50.63 50.86 50.98 51.05 51.12 51.25 51.39 51.53 51.79 52.38 52.62 52.85 53.09 53.32 53.56 53.75 53.94 54.13 54.31 54.5 54.72 55.07 55.42 55.78 56.52 56.87 57.23 57.58 57.94 58.29 59 59.36 59.71 59.95 60.1 60.31 60.53 60.78 61.62 61.88 62.15 62.42 62.69 62.97 63.24 63.52 63.8 64.08 64.63 64.73 64.18 62.92 63.05 62.42 62.14 62.19 61.37 60.39 59.42 60.15 61.97 63.53 64.13 64.59 65.05 65.56 66.59 67.11 67.66 68.21 68.75 69.3 70.35 70.82 71.27 71.72
50.46 50.59 50.82 51.07 51.31 51.45 51.53 51.6 51.7 51.84 51.98 52.22 52.38 52.62 53.23 53.46 53.7 53.93 54.14 54.33 54.51 54.7 54.89 55.11 55.46 55.81 56.17 56.52 57.26 57.62 57.97 58.32 58.68 59.39 59.74 60.1 60.45 60.71 60.88 61.1 61.36 61.62 62.47 62.74 63.02 63.3 63.57 63.85 64.13 64.4 64.68 64.96 65.23 65.4 64.94 63.05 62.42 63 63.11 62.36 61.38 60.4 59.73 61.17 63 64.58 65.19 65.65 66.11 66.59 67.11 68.13 68.67 69.22 69.76 70.85 71.4 71.93 72.42
50.46 51.05 51.26 51.51 51.76 51.9 52.01 52.07 52.15 52.29 52.43 52.67 52.79 52.99 53.23 53.83 54.07 54.3 54.53 54.72 54.9 55.09 55.28 55.5 55.84 56.2 56.55 56.91 57.26 57.62 58.36 58.71 59.07 59.78 60.13 60.48 60.84 61.19 61.46 61.67 61.93 62.2 62.47 62.74 63.62 63.9 64.18 64.45 64.73 65.01 65.28 65.56 65.84 66.04 65.7 64.44 63.81 63.18 63.85 63.35 62.36 61.38 60.4 60.42 62.19 64.02 65.63 66.25 66.71 67.17 67.63 68.13 68.67 69.68 70.23 71.32 71.87 72.41 72.96
50.85 50.94 51.26 51.95 52.2 52.35 52.47 52.55 52.62 52.74 52.88 53.13 53.24 53.37 53.6 53.83 54.07 54.67 54.91 55.11 55.29 55.48 55.66 55.89 56.23 56.59 56.94 57.29 57.65 58 58.36 59.1 59.45 60.16 60.52 60.87 61.23 61.58 61.93 62.24 62.52 62.79 63.07 63.35 63.62 63.9 64.78 65.06 65.34 65.61 65.89 66.17 66.44 66.67 66.44 65.2 64.57 63.95 63.85 64.01 64.33 63.35 61.39 60.48 61.39 63.22 65.05 66.68 67.31 67.77 68.23 68.69 69.16 69.68 70.71 71.79 72.33 72.88 73.42
51.83 51.89 51.99 52.15 52.39 52.64 53.26 53.38 53.49 53.65 53.78 54.04 54.15 54.27 54.38 54.58 54.81 55.05 55.28 55.49 56.07 56.26 56.44 56.66 57.01 57.36 57.71 58.07 58.42 58.78 59.13 59.49 59.84 60.55 60.9 61.65 62 62.39 62.8 63.22 63.62 63.99 64.28 64.56 64.83 65.11 65.39 65.66 65.94 66.82 67.1 67.38 67.65 67.93 67.86 66.73 66.1 65.53 65.55 65.72 65.32 64.34 63.36 63.36 62.38 61.4 61.61 63.44 65.27 67.1 69.43 69.89 70.35 70.81 71.27 72.25 72.8 73.35 74.36
52.32 52.38 52.46 52.6 52.83 53.08 53.26 53.38 53.95 54.05 54.12 54.23 54.5 54.72 54.83 54.96 55.18 55.42 55.65 55.88 56.07 56.26 56.83 57.05 57.39 57.75 58.1 58.46 58.81 59.17 59.52 59.87 60.23 60.94 61.29 61.65 62.44 62.86 63.28 63.69 64.1 64.48 64.86 65.16 65.44 65.71 65.99 66.27 66.54 66.82 67.1 67.98 68.26 68.53 68.53 67.49 66.86 66.33 66.4 66.57 66.31 65.33 64.34 63.36 62.38 62.39 61.54 62.63 64.46 66.29 68.12 69.8 70.5 71.42 71.88 72.8 73.28 73.81 74.36
52.81 52.87 52.94 53.05 53.28 53.52 53.71 53.83 53.95 54.51 54.6 54.68 54.95 55.06 55.18 55.29 55.4 55.79 56.03 56.26 56.46 56.65 56.83 57.05 57.78 58.14 58.49 58.84 59.2 59.55 59.91 60.26 60.62 61.32 61.68 62.04 62.44 62.86 63.75 64.17 64.58 64.94 65.35 65.74 66.04 66.32 66.6 66.87 67.15 67.43 67.7 67.98 68.86 69.14 69.2 68.26 67.63 67.14 67.25 67.42 67.29 66.31 65.33 64.35 63.37 62.39 61.54 62.01 63.65 65.48 67.31 69.14 70.83 71.56 72.02 72.48 73.4 74.32 74.86
53.3 53.36 53.42 53.52 53.72 53.96 54.16 54.28 54.4 54.51 54.6 55.14 55.4 55.52 55.63 55.74 55.86 55.97 56.16 56.4 56.85 57.03 57.22 57.44 57.78 58.52 58.88 59.23 59.59 59.94 60.29 60.65 61 61.71 62.09 62.5 62.91 63.33 63.75 64.17 65.06 65.45 65.79 66.23 66.61 66.92 67.2 67.48 67.75 68.03 68.31 68.59 68.86 69.14 69.87 69.02 68.39 67.95 68.11 68.27 68.22 67.3 66.32 65.34 64.36 63.37 62.39 62.01 62.85 64.68 66.51 68.34 70.17 71.86 72.62 73.08 74 74.46 74.91
53.79 53.85 53.91 53.99 54.16 54.41 54.61 54.73 54.85 54.97 55.07 55.14 55.4 55.98 56.09 56.2 56.31 56.43 56.55 56.77 57 57.23 57.42 57.61 58.17 58.52 58.88 59.62 59.97 60.33 60.68 61.04 61.39 62.14 62.55 62.97 63.39 63.81 64.22 64.64 65.06 65.94 66.28 66.67 67.11 67.48 67.8 68.08 68.36 68.64 68.91 69.19 69.47 69.74 69.87 69.78 69.15 68.79 68.96 69.12 69.13 68.29 67.31 66.32 65.34 64.36 63.38 62.4 62.85 64.68 65.7 67.53 69.36 71.19 72.9 73.68 74.6 75.03 75.64
54.28 54.34 54.4 54.47 54.6 54.85 55.06 55.18 55.3 55.42 55.53 55.62 55.86 55.98 56.54 56.66 56.77 56.88 56.99 57.15 57.38 57.61 57.81 58 58.21 58.56 58.91 59.26 60.36 60.71 61.07 61.42 61.79 62.61 63.03 63.44 63.86 64.28 64.7 65.11 65.53 65.94 66.28 67.11 67.55 67.99 68.35 68.68 68.96 69.24 69.52 69.79 70.07 70.35 70.52 69.78 69.15 69.64 69.81 69.97 70.05 69.27 68.29 67.31 66.33 65.35 64.37 63.38 62.6 63.87 65.7 66.73 68.56 70.39 72.22 73.93 75.15 75.57 76.88
54.77 54.83 54.89 55.44 55.52 55.73 55.95 56.08 56.2 56.32 56.44 56.56 56.76 56.89 57 57.11 57.22 57.79 57.91 58.02 58.14 58.36 58.58 58.78 58.99 59.33 59.68 60.04 60.39 60.75 61.1 61.46 62.3 62.72 63.55 64.39 64.81 65.22 65.64 66.06 66.48 66.89 67.29 67.61 67.98 68.43 69.32 69.73 70.09 70.44 70.73 71 71.28 71.56 71.79 71.3 70.68 70.49 70.66 70.83 71.84 71.25 70.27 69.28 68.3 67.32 66.34 65.36 64.38 63.4 64.09 65.92 67.75 69.58 71.45 73.51 76.38 77.92 79.54
55.26 55.32 55.38 55.44 55.52 56.17 56.4 56.53 56.65 56.77 56.89 57.01 57.21 57.34 57.45 57.57 57.68 57.79 57.91 58.47 58.59 58.73 58.96 59.17 59.38 59.72 60.07 60.43 60.78 61.13 61.49 61.88 62.3 63.19 64.03 64.44 64.86 65.28 65.7 66.53 66.95 67.37 67.78 68.13 68.44 68.86 69.32 69.73 70.61 70.96 71.31 71.61 71.89 72.16 72.43 72.02 71.44 71.35 71.51 71.68 71.84 71.25 71.25 70.27 69.29 68.31 67.33 66.35 65.36 64.38 63.74 65.17 67.14 69.2 71.36 73.51 77.62 79.25 80.87
55.75 55.81 55.87 55.93 56 56.17 56.84 56.98 57.1 57.22 57.34 57.46 57.67 57.8 57.91 58.02 58.14 58.25 58.36 58.47 58.59 59.16 59.33 59.55 59.77 60.1 60.46 60.81 61.17 61.53 61.94 62.36 62.77 63.19 64.03 64.92 65.33 65.75 66.17 66.59 67.01 67.42 68.26 68.64 68.95 69.29 69.74 70.2 70.61 71.48 71.83 72.18 72.49 72.77 73.04 72.73 72.22 72.2 72.36 72.53 72.69 72.23 71.25 70.27 70.28 69.3 68.39 67.69 67 66.18 64.67 64.81 67.02 69.2 71.39 73.56 77.62 79.25 82.18
56.15 56.3 56.36 56.42 56.48 56.61 56.84 56.98 57.55 57.67 57.79 57.91 58.14 58.25 58.37 58.48 58.59 58.7 58.82 58.93 59.04 59.16 59.73 59.94 60.15 60.49 60.85 61.2 61.58 61.99 62.41 62.83 63.25 63.66 64.5 64.92 65.33 66.23 66.64 67.06 67.48 67.9 68.31 68.73 69.14 69.47 70.16 70.62 71.08 71.48 71.83 72.7 73.05 73.37 73.65 73.41 73.02 73.05 73.21 73.38 73.55 73.22 72.24 71.26 70.28 71.47 70.92 70.07 69.03 67.75 65.83 64.56 66.4 68.52 70.57 72.8 78.07 80.27 82.18
56.39 56.74 56.85 56.9 56.96 57.07 57.29 57.43 57.55 57.67 58.24 58.36 58.6 58.7 58.82 58.93 59.05 59.16 59.27 59.39 59.5 59.61 59.73 59.94 60.54 60.88 61.24 61.63 62.05 62.47 62.88 63.3 63.72 64.14 64.97 65.39 65.81 66.23 67.12 67.53 67.95 68.37 68.79 69.2 69.62 69.98 70.29 70.61 71.05 71.51 72.35 72.7 73.05 73.93 74.25 74.08 73.83 73.9 74.07 74.23 74.4 74.21 73.27 72.55 71.9 71.47 70.92 71.89 70.77 68.95 67.04 65.27 65.41 67.63 69.98 72.73 78.08 80.34 82.6
56.61 57 57.31 57.39 57.45 57.53 57.74 57.88 58 58.12 58.24 58.81 59.05 59.16 59.28 59.39 59.5 59.62 59.73 59.84 59.95 60.07 60.18 60.32 60.54 60.88 61.69 62.1 62.52 62.94 63.36 63.78 64.19 64.61 65.45 65.86 66.28 66.7 67.12 67.53 68.42 68.84 69.26 69.68 70.09 70.49 70.8 71.12 71.48 71.93 72.39 72.84 73.21 73.93 74.79 74.73 74.54 74.62 74.76 74.9 75.1 75.33 75.26 75.01 74.71 73.97 72.93 71.89 73.72 72.02 70.32 68.21 65.76 66.95 69.93 72.97 78.11 80.37 82.63
56.84 57.23 57.62 57.88 57.94 58.01 58.18 58.33 58.45 58.57 58.69 58.81 59.05 59.62 59.73 59.85 59.96 60.07 60.18 60.3 60.41 60.52 60.63 60.75 60.93 61.28 61.69 62.58 63 63.41 63.83 64.25 64.67 65.08 65.92 66.34 66.75 67.17 67.59 68.01 68.42 69.31 69.73 70.15 70.57 70.98 71.32 71.63 71.95 72.35 72.81 73.27 73.72 74.08 74.44 74.79 76.16 75.88 75.89 76.17 76.47 76.73 76.98 77.06 76.93 76.49 75.89 75.24 73.72 72.02 71.81 69.32 66.8 66.71 69.86 72.99 78.16 80.43 82.7
56.67 57.06 57.67 58.06 58.82 58.98 59.08 59.24 59.36 59.47 59.59 59.71 59.95 60.07 60.19 60.3 60.87 60.98 61.09 61.21 61.32 61.43 61.54 61.66 61.77 61.98 62.49 62.97 63.44 63.88 64.94 65.43 65.91 66.39 67.32 67.75 68.17 68.59 69.01 69.43 69.84 70.26 70.68 71.1 71.51 72.4 72.82 73.17 73.48 73.79 74.12 74.54 74.98 75.33 75.69 76.07 76.79 76.81 76.65 77.37 77.56 77.84 78.1 78.35 78.8 78.58 78.14 77.96 77.21 75.46 73.26 70.87 68.52 68.08 67.16 70.37 75.46 78.54 81.69
56.89 57.28 57.67 58.28 58.67 59.06 59.42 59.54 59.81 59.93 60.04 60.16 60.4 60.52 60.64 60.76 60.87 60.98 62 62.11 62.23 62.34 62.45 62.57 62.68 62.79 62.93 63.39 63.96 64.46 64.94 65.43 66.17 66.65 67.62 68.1 68.58 69.04 69.48 69.9 70.32 70.73 71.15 71.57 71.99 72.4 73.29 73.68 73.99 74.31 74.62 74.96 75.33 75.71 76.08 76.46 77.19 77.51 77.46 77.37 77.56 78.53 78.78 79.03 79.29 79.54 79.61 79.41 78.82 77.44 75.54 73.21 70.81 68.08 67.16 68.95 73.73 76.39 79.53
57.11 57.5 57.89 58.28 58.67 59.5 59.89 60.28 60.58 60.7 60.82 61.05 61.29 61.4 61.52 61.66 61.78 61.89 62 62.57 62.68 62.79 62.91 63.02 63.13 63.25 63.36 63.56 64.11 64.69 65.21 65.69 66.17 66.65 67.88 68.36 68.84 69.32 69.81 70.29 70.75 71.2 71.62 72.04 72.46 72.88 73.29 73.68 74.51 74.82 75.12 75.41 75.73 76.1 76.48 76.85 77.59 77.94 78.22 78.14 78.25 78.53 79.47 79.72 79.97 80.23 80.4 80.33 80.24 80.16 79.48 77.83 72.88 69.92 67.22 68.95 73.73 74.48 77.38
57.55 57.94 58.33 58.72 59.11 59.5 59.89 60.5 60.89 61.15 61.26 61.38 61.5 61.73 61.85 62.1 62.23 62.34 62.46 62.57 62.68 63.25 63.36 63.47 63.59 63.7 63.82 63.93 64.24 64.83 65.42 65.95 66.43 66.91 67.88 68.62 69.1 69.59 70.07 70.55 71.03 71.52 72 72.47 72.92 73.35 73.77 74.18 74.51 74.82 75.59 75.88 76.17 76.49 76.87 77.24 77.98 78.33 78.69 78.91 78.95 79.21 79.47 79.72 80.66 80.92 81.02 80.94 80.86 80.87 80.65 79.44 76.82 74.07 71.02 67.66 72.18 74.48 75.3
57.77 58.16 58.55 58.94 59.33 59.72 60.11 60.5 61.11 61.49 61.71 61.82 61.94 62.17 62.29 62.41 62.54 62.68 62.8 63.02 63.14 63.25 63.36 63.93 64.04 64.16 64.27 64.39 64.52 64.95 65.55 66.14 66.69 67.18 68.14 68.62 69.1 69.85 70.33 70.81 71.3 71.78 72.26 72.74 73.22 73.71 74.18 74.64 75.01 75.31 75.59 76.35 76.64 76.93 77.26 77.64 78.38 78.73 79.08 79.43 79.66 79.9 80.15 80.41 80.66 80.92 81.63 81.55 81.52 81.58 81.49 80.33 77.7 75.04 72.26 70 67.92 70.66 72.89
57.99 58.38 58.77 59.16 59.55 59.94 60.33 60.72 61.11 61.49 62.09 62.27 62.38 62.61 62.73 62.86 62.99 63.12 63.25 63.36 63.48 63.59 63.82 63.93 64.5 64.61 64.73 64.84 64.95 65.14 65.68 66.27 66.86 67.43 68.4 68.88 69.37 69.85 70.33 71.08 71.56 72.04 72.52 73 73.49 73.97 74.45 74.93 75.38 75.75 76.06 76.35 76.64 77.4 77.69 78.03 78.77 79.12 79.48 79.83 80.3 80.59 80.85 81.1 81.36 81.61 81.63 82.18 82.23 82.3 82.28 81.23 78.6 76.15 73.82 71.69 69.55 69.51 71.61
58.21 58.6 58.99 59.38 59.77 60.16 60.55 60.94 61.33 61.72 62.09 62.27 62.83 63.06 63.17 63.3 63.43 63.57 63.7 63.82 63.93 64.04 64.16 64.27 64.38 64.5 65.18 65.3 65.41 65.52 65.81 66.4 66.99 67.58 68.66 69.15 69.63 70.11 70.59 71.08 71.82 72.3 72.78 73.27 73.75 74.23 74.71 75.19 75.65 76.05 76.44 76.8 77.11 77.4 78.15 78.45 79.17 79.52 79.88 80.4 81.02 81.36 81.54 81.8 82.05 82.27 82.24 82.18 82.23 83.01 83.05 82.13 79.5 78.14 75.55 73.11 71.11 68.52 70.36
58.9 59.03 59.41 59.81 60.21 60.6 61 61.39 61.78 62.17 62.56 62.95 63.25 63.5 63.62 64.19 64.32 64.45 64.59 64.72 64.84 64.95 65.06 65.18 65.29 65.41 65.52 65.64 65.75 66.32 66.43 66.55 66.72 67.24 69.02 69.61 70.15 70.64 71.12 71.6 72.08 72.56 73.05 73.79 74.27 74.75 75.23 75.69 76.16 76.61 77.01 77.39 77.77 78.15 78.53 78.89 79.56 79.93 81.17 81.8 82.42 83.05 83.12 83.18 83.44 83.54 83.53 83.59 83.66 83.72 83.78 83.01 83.25 83.11 80.56 77.28 74.53 70.92 69.59
58.9 59.03 59.61 60 60.4 60.8 61.2 61.6 62 62.39 62.78 63.17 63.56 63.94 64.06 64.19 64.77 64.9 65.03 65.16 65.29 65.41 65.52 65.63 65.75 65.86 65.98 66.09 66.2 66.32 66.43 67 67.12 67.39 67.96 69.15 69.74 70.89 71.38 71.86 72.34 72.83 73.31 73.79 74.27 75.01 75.48 75.94 76.41 76.87 77.29 77.67 78.06 78.44 78.82 79.2 79.97 80.55 81.17 82.53 83.13 83.75 84.12 83.97 84.13 84.18 84.24 84.3 84.37 84.43 84.5 84 83.25 83.11 83.43 80.17 76.93 72.69 71.39
59.33 59.42 59.61 60 60.59 60.99 61.39 61.79 62.19 62.6 62.99 63.39 63.78 64.39 64.51 64.64 64.77 64.9 65.47 65.61 65.74 65.86 65.97 66.09 66.2 66.32 66.43 66.54 66.66 66.77 66.89 67 67.57 67.69 68.09 69.28 69.87 70.46 71.06 71.63 72.12 73.09 73.57 74.05 74.53 75.01 75.48 76.2 76.66 77.12 77.57 77.96 78.34 78.72 79.1 79.48 80.44 81.24 81.94 82.53 83.13 84.54 84.98 84.91 84.83 84.93 85.04 85.14 85.25 85.36 85.49 85.58 85.5 85.42 83.43 83.19 79.91 74.62 73.15
59.76 59.85 59.94 60.19 60.59 61.18 61.58 61.98 62.39 62.79 63.19 63.59 63.99 64.76 64.95 65.08 65.21 65.34 65.47 65.61 66.18 66.31 66.43 66.54 66.66 66.77 66.88 67 67.11 67.23 67.34 67.46 67.57 67.69 68.3 69.4 70 70.59 71.18 71.78 72.36 72.87 73.35 73.83 74.31 75.27 75.73 76.2 76.91 77.38 77.84 78.25 78.63 79.01 79.39 79.77 80.95 81.7 82.59 83.38 83.97 84.54 84.98 85.81 85.73 86.04 86.41 86.68 86.84 86.99 87.14 87.24 87.17 87.26 86.42 83.19 79.91 79.44 75.35
60.2 60.29 60.38 60.48 60.78 61.18 61.58 62.17 62.58 62.98 63.38 63.78 64.18 64.98 65.35 65.52 65.66 65.79 65.92 66.05 66.18 66.76 66.88 67 67.11 67.23 67.34 67.45 67.57 67.68 67.8 67.91 68.03 68.14 68.3 69.4 70.12 70.72 71.31 71.9 72.5 73.09 73.61 74.09 74.58 75.06 75.52 75.98 76.91 77.38 78.09 78.53 78.91 79.29 79.68 80.12 81.47 82.18 83.04 83.94 84.76 85.22 85.64 85.81 86.68 86.8 87.26 87.72 88.18 88.53 88.79 88.89 88.97 89.15 88.99 87.16 86.24 79.44 75.35
60.63 60.72 60.81 60.9 61.02 61.37 61.77 62.17 62.58 63.17 63.57 63.97 64.37 65.17 65.59 65.93 66.09 66.22 66.35 66.49 66.62 66.76 66.88 67.45 67.57 67.68 67.79 67.91 68.02 68.14 68.25 68.37 68.48 68.59 68.71 69.53 70.12 70.84 71.44 72.03 72.62 73.22 73.81 74.35 74.84 75.31 75.77 76.24 76.7 77.16 77.63 78.09 79.2 79.58 79.99 80.61 81.98 82.67 83.5 84.39 85.09 85.47 86.08 86.62 86.68 86.8 88.02 88.48 88.94 89.4 89.85 90.24 90.35 90.42 90.57 90.96 90.93 84.74 80.28
61.07 61.15 61.24 61.33 61.42 61.58 61.96 62.37 62.77 63.17 63.76 64.16 64.56 65.37 65.78 66.2 66.51 66.65 66.78 66.92 67.05 67.19 67.33 67.45 67.57 68.13 68.25 68.36 68.48 68.59 68.71 68.82 68.93 69.05 69.16 69.66 70.25 70.84 71.44 72.16 72.75 73.35 73.94 74.53 75.09 75.56 76.03 76.49 76.95 77.42 77.88 78.34 78.8 79.49 79.87 80.45 82.5 83.18 83.95 84.81 85.3 85.9 86.55 87.15 87.58 87.62 88.02 89.24 89.7 90.14 90.57 90.97 91.12 91.19 91.43 92.05 92.51 87.91 83.5
61.82 61.93 62.02 62.2 62.29 62.38 62.47 62.75 63.15 63.55 63.95 64.35 64.75 65.76 66.18 66.6 67.02 67.42 67.64 67.78 67.91 68.04 68.19 68.35 68.47 68.59 68.7 68.82 69.38 69.5 69.61 69.73 69.84 69.96 70.07 70.3 70.53 71.1 71.69 72.29 72.88 73.47 74.18 74.76 75.43 76.17 76.83 77.26 77.66 78.06 78.46 78.88 79.32 79.76 80.28 80.96 82.09 83.48 84.17 84.87 85.55 86.19 86.84 88.11 88.66 89.19 89.55 89.99 90.42 90.84 91.26 92.37 92.66 92.77 93.28 93.89 94.5 94.09 89.68
61.82 62.31 62.44 62.55 62.63 62.72 62.9 63.01 63.34 63.74 64.14 64.54 64.94 65.76 66.18 66.79 67.21 67.63 68.02 68.2 68.34 68.47 68.62 68.78 68.92 69.04 69.15 69.27 69.38 69.95 70.07 70.18 70.3 70.41 70.53 70.76 70.87 71.23 71.82 72.41 73.01 73.6 74.18 74.76 75.56 76.31 77.05 77.71 78.14 78.54 78.94 79.34 79.74 80.15 80.7 81.4 82.09 83.48 84.48 85.19 85.93 86.65 87.31 87.95 88.59 89.15 89.68 90.69 91.12 91.53 91.95 92.37 93.42 93.61 94.2 94.83 95.55 96.36 92.63
62.18 62.31 62.8 62.93 63.06 63.16 63.25 63.33 63.42 63.56 64.33 64.73 65.13 65.95 66.37 66.79 67.21 67.83 68.25 68.61 68.77 68.9 69.06 69.21 69.37 69.49 69.61 69.72 69.84 69.95 70.07 70.64 70.75 70.87 70.98 71.21 71.32 71.47 71.95 72.54 73.13 73.71 74.29 74.86 75.56 76.44 77.19 77.93 78.59 79.03 79.43 79.83 80.23 80.64 81.06 81.69 82.39 83.78 84.48 85.19 86.24 86.98 87.72 88.42 89.07 89.63 90.18 90.76 91.3 91.78 92.65 93.07 93.42 93.61 95.18 95.95 96.73 97.95 95.56
62.52 62.66 62.8 62.93 63.42 63.55 63.67 63.77 63.86 63.95 64.13 64.52 64.92 65.33 66.57 66.99 67.41 67.83 68.45 68.87 69.19 69.33 69.49 69.64 69.8 69.95 70.06 70.18 70.29 70.41 70.52 70.64 70.75 71.32 71.43 71.66 71.78 71.89 72.11 72.67 73.24 73.82 74.38 74.96 75.69 76.44 77.19 78.03 78.8 79.48 79.91 80.32 80.72 81.13 81.54 82.01 82.69 84.08 84.78 85.5 86.24 87.3 88.04 88.78 89.51 90.13 90.71 91.29 91.86 92.37 92.84 93.32 93.76 94.15 95.18 95.95 97.92 99.21 98.19
