Examples/example_1/topography.grd
DSAA
786 704
425376.61794044 433727.98806115
4515717.5923327 4523196.5900332
0 456
[rows 350 to 384 of 704, columns 316 to 394 of 786]
78.53 78.53 73.6 72.49 69.6 66.77 63.93 59.22 49.04 47.02 44.99 43.86 43.92 44.02 44.12 43.25 41.22 37.14 34.05 32.89 30.67 28.48 28.42 30.57 33.94 38.13 43.24 48.34 56.51 68.81 74.35 76.12 80.55 85.09 89.63 94.17 98.64 101.2 103.1 105 104.9 103.6 101.5 99.66 98.13 96.64 93.85 92.52 91.17 89.81 88.46 88.55 87.19 86.14 85.26 84.38 83.5 82.63 81.75 80.87 79.12 78.15 77.12 76.56 76.1 77.22 76.64 77.33 78.25 79.17 79.53 78.99 78.45 77.89 77.26 76.6 75.87 75.15 74.55
73.58 73.57 73.6 72.49 65.7 62.72 59.81 56.75 48.47 46.37 44.19 42.03 41.06 41.13 41.23 41 39.15 37.14 33.06 31.72 30.63 29.26 27.16 28.48 32.02 36.86 41.97 47.07 53.55 65.26 70.92 76.12 80.55 80.95 86.08 91.21 96.29 100.2 102.3 104.4 106.1 105.4 103.4 101.4 99.54 98.04 96.67 95.33 93.97 92.62 89.91 88.55 87.19 87.8 86.93 86.05 85.17 84.3 83.42 82.54 80.5 79.37 78.65 78.18 77.72 77.22 76.64 78.8 79.72 80.64 80.66 80.12 79.58 79.04 78.5 77.96 77.42 76.84 76.2
69.72 69.32 69.62 68.68 65.7 62.72 55.93 52.95 47.72 45.52 43.32 41.13 39.09 38.26 38.34 38.43 37.1 35.06 33.06 31.72 28.3 27.21 25.92 25.9 26.66 30.49 40.61 45.4 50.23 61.3 66.9 72.05 75.92 80.95 76.9 82.33 88.06 95.11 101.1 103.3 105.4 106.9 105.4 103.4 101.4 99.53 98.13 96.78 95.42 94.06 92.71 91.35 90 87.8 88.6 87.72 86.84 85.96 85.02 83.94 81.69 80.76 80.27 79.81 79.3 78.48 78.03 78.8 79.72 82 81.78 81.24 80.7 80.16 79.63 79.09 78.55 78.01 77.47
68.28 65.4 65.79 64.9 61.91 58.92 55.93 49.67 46.56 44.65 42.46 40.26 38.07 36.23 35.46 35.55 35.02 33.01 30.98 29.38 28.3 27.21 24.99 24.99 25.2 28.51 32.98 37.46 41.94 56.72 62.32 67.03 69.96 72.89 76.9 82.33 78.07 86.8 96.7 101.5 103.7 106.9 107.7 106.1 104.2 101.8 99.65 98.22 96.87 95.51 94.16 92.8 91.45 90.35 89.47 88.6 89.39 87.38 86.26 85.14 82.94 82.36 81.89 81.39 80.57 79.69 79.46 80.27 81.19 82 84.03 83.49 82.95 82.41 81.87 81.34 80.8 80.29 80.02
67.17 62.6 61.96 61.11 58.12 55.13 52.15 49.67 46.56 43.27 41.55 39.39 37.2 35.07 33.4 32.66 32.62 30.97 28.91 27.08 25.96 25.22 24.99 24.95 24.97 25.67 29.56 33.89 38.28 42.75 52.16 57.74 61.8 67.66 70.59 73.65 78.07 79.03 88.95 98.31 102 106.1 107.7 108.5 107.1 104.7 102 99.76 98.32 96.96 95.61 94.25 92.95 92.02 91.14 90.26 89.39 90.9 89.78 88.66 87.54 85.57 84.76 83.82 82.89 82.32 82.37 83.22 84.14 84.5 84.03 83.49 84.08 83.54 83 82.46 81.93 81.6 81.25
65.83 60.98 58.13 57.32 54.33 51.39 49.16 47.63 44.62 43.27 39.91 38.4 36.33 34.13 32.15 30.58 29.87 28.92 26.87 25.21 24.98 24.96 24.95 24.95 24.97 24.98 26.56 30.74 35.02 39.3 48.05 53.06 56.56 59.49 62.36 65.22 68.04 79.03 88.95 91.58 99.42 104.6 107.1 108.5 107.1 110.1 107.7 105.1 102.4 99.99 98.5 97.19 96.23 95.32 94.27 93.15 92.03 90.9 89.78 89.86 88.77 87.66 86.85 85.91 84.12 83.68 83.82 84.69 85.6 85.64 85.15 84.61 84.08 84.66 84.12 83.58 83.17 82.97 82.45
64.47 59.65 55.21 53.53 50.68 48.75 47.21 45.68 42.63 41.25 39.91 38.4 35.14 33.26 31.09 29.3 27.76 26.71 25.21 24.97 24.94 24.93 24.91 24.92 24.95 24.98 25.04 27.65 31.93 36.2 44.76 48.62 51.1 53.81 56.6 59.4 62.84 68.02 73.51 81.8 99.42 99.23 102.3 105 108.4 110.1 110.5 107.8 105.2 102.6 100.1 98.75 97.71 96.59 95.47 94.35 93.23 92.1 90.98 89.86 88.77 88.95 88.01 87.07 86.13 85.42 85.07 85.27 86.95 86.78 86.28 85.74 85.2 84.66 84.12 84.76 84.54 84.34 83.54
62.56 55.47 51.01 48.38 46.48 44.86 43.33 41.8 38.73 37.23 35.87 34.53 33.18 31.84 30.15 26.99 25.36 24.97 24.94 24.91 24.88 24.86 24.84 24.87 24.9 24.93 24.97 25.34 28.83 33.11 38.18 40.37 42.37 44.38 46.63 50.02 55.12 60.42 65.74 71.08 77.78 86.05 93.48 100.6 104.5 108.3 111.7 110.6 108 105.3 105 102.6 100.4 98.99 97.87 96.75 95.62 94.5 93.38 92.38 91.83 90.1 89.16 88.23 88.55 88.14 87.86 88.19 89.11 89.42 89.06 88.53 87.99 87.45 86.91 86.1 85.91 85.66 85.7
60.05 55.47 51.01 47.21 45.2 43.2 41.41 39.85 36.79 35.26 33.85 32.51 31.16 29.82 28.48 26.99 25.36 24.94 24.91 24.88 24.85 24.82 24.81 24.84 24.88 24.91 24.94 24.97 26.02 30.02 38.18 36.19 38.41 40.9 43.49 47.19 51.65 56.89 62.15 67.42 72.68 81.76 90.3 98.59 103.2 106.8 110.4 112.8 110.6 107.8 105 105.1 102.8 100.5 99.07 97.95 96.82 95.7 94.6 93.92 93.14 91.26 90.32 89.38 88.55 88.14 89.28 89.66 90.56 90.57 90.19 89.65 89.11 88.57 88.03 87.66 87.47 87.28 86.89
57.38 52.79 49.22 47.21 44.03 42.03 40.02 38.06 34.84 33.31 31.84 30.49 29.15 27.8 26.46 25.31 24.97 24.94 24.91 24.83 24.8 24.77 24.78 24.81 24.85 24.88 24.92 24.95 24.98 26.93 34.19 36.19 38.41 37.76 40.57 44.51 48.58 53.39 58.66 63.93 69.13 78.85 87.39 95.95 101.9 105.5 109.1 112.7 113 110.2 107.5 105.1 102.8 102.9 100.6 99.14 98.02 96.9 96.01 95.23 94.29 92.41 91.48 90.54 89.88 89.49 89.28 91.14 91.89 91.72 91.31 90.77 90.24 89.7 89.24 89.03 88.84 88.65 88.05
54.71 50.41 48.05 46.04 44.03 42.03 38.85 36.84 32.96 31.37 29.85 28.47 27.13 25.8 25.06 24.96 24.92 24.88 24.86 24.83 24.75 24.72 24.75 24.78 24.82 24.85 24.89 24.92 24.96 25.16 30.2 32.67 35.21 37.76 40.57 41.82 45.87 50.06 55.16 60.43 65.58 76.16 84.56 93.09 100.6 104.3 107.8 111.3 114.4 112.7 110 107.6 105.3 102.9 103.1 100.8 99.22 98.17 97.32 96.39 95.45 93.57 92.63 91.73 91.24 90.85 90.71 91.14 91.89 92.87 92.44 91.9 91.36 90.85 90.59 90.4 90.21 90.01 89.14
56.44 52.03 46.88 44.87 42.86 40.86 38.85 36.84 31.66 29.67 27.91 26.45 25.3 24.98 24.95 24.91 24.87 24.83 24.8 24.77 24.75 24.72 24.72 24.75 24.79 24.82 24.86 24.89 24.93 24.96 26.99 29.53 32.07 34.62 37.77 41.82 43.18 47.23 51.7 56.94 62.87 76.16 81.74 90.3 99.11 103.4 106.9 110.4 113.8 115 112.5 110.2 107.8 105.4 103.1 100.8 100.9 99.42 98.48 97.54 96.6 94.73 93.79 93 92.6 92.21 92.15 92.61 93.17 92.87 93.56 93.02 92.49 92.16 91.96 91.77 91.58 91.3 90.22
53.25 49.89 47.71 45.71 43.7 41.69 37.68 35.67 31.66 28.7 26.67 25.07 24.96 24.94 24.9 24.86 24.82 24.78 24.75 24.72 24.69 24.69 24.72 24.73 24.76 24.79 24.82 24.85 24.88 24.92 25.05 26.4 28.93 31.49 35.08 39.13 43.18 47.23 48.79 54.29 60.74 73.71 81.74 87.69 97.41 102.6 106 109.4 112.6 115.7 115 112.7 110.3 108 105.6 103.2 100.9 99.42 99.69 98.7 97.76 95.88 94.94 94.34 93.95 93.58 93.58 94.08 94.33 94.02 93.56 93.02 93.73 93.53 93.33 93.14 92.95 92.53 91.3
50.52 48.38 46.9 45.1 43.05 41 38.95 36.9 34.85 28.7 26.67 24.98 24.94 24.9 24.85 24.81 24.77 24.74 24.7 24.66 24.64 24.66 24.69 24.73 24.76 24.75 24.78 24.81 24.84 24.88 24.94 24.98 25.95 28.53 32.39 36.44 40.49 44.6 48.79 52.35 58.64 71.51 78.92 87.69 97.41 101.6 104.9 108.1 111.4 114.6 116.9 115.1 112.7 110.4 108 105.6 103.4 101.3 99.69 99.97 98.92 97.04 96.16 95.7 95.31 94.98 95.01 95.52 95.48 95.17 94.69 94.15 93.73 93.53 94.7 94.51 94.32 93.65 92.39
47.11 45.32 43.53 42.19 41 39.62 38.1 36.24 34.19 30.09 28.04 26 24.98 24.93 24.88 24.83 24.79 24.7 24.65 24.61 24.57 24.58 24.61 24.64 24.67 24.7 24.73 24.77 24.72 24.75 24.82 24.86 24.92 24.97 26.72 31.49 36.17 40.55 44.83 49.16 54.95 61.21 67.46 73.81 91.93 100.1 103.7 106.9 109 112.1 115.3 118.2 117.5 115.1 112.9 110.8 108.6 106.5 104.4 102.3 100.3 98.19 97.44 98.41 98.03 97.77 97.87 98.09 97.78 97.44 96.95 96.65 96.46 96.26 96.07 95.88 95.68 95.87 95.05
47.11 43.81 42.01 40.33 39.18 38.01 36.63 35.23 33.69 29.76 27.71 25.67 24.97 24.92 24.88 24.83 24.75 24.71 24.66 24.61 24.51 24.49 24.52 24.55 24.58 24.62 24.65 24.68 24.72 24.75 24.79 24.84 24.89 24.95 25.45 29.49 34.26 39.02 43.56 47.86 53.12 59.38 65.62 71.75 79.26 88.52 97.74 102.5 109 112.1 114 117.1 119.4 117.6 115.5 113.4 111.3 109.1 107 104.9 102.8 99.36 98.8 98.41 99.38 99.2 99.31 99.24 98.93 98.58 98.21 98.02 97.83 97.63 97.44 97.25 96.94 95.87 95.05
45.6 43.81 42.01 37.2 35.45 34.24 33.18 32.02 30.66 27.86 26.47 25.15 24.95 24.9 24.85 24.8 24.75 24.68 24.63 24.58 24.53 24.48 24.45 24.48 24.54 24.57 24.61 24.64 24.67 24.7 24.79 24.84 24.87 24.92 24.98 27.5 32.27 37.04 41.81 46.5 51.36 57.5 63.62 69.73 76.41 85.32 94.53 101.4 104.6 107.7 110.9 114 119.7 119.9 117.8 115.7 113.6 111.5 109.4 107.3 105.1 101.1 100.3 99.81 99.38 99.2 101.1 100.7 100.2 99.82 99.58 99.39 99.2 99 98.81 98.62 98.16 97.28 96.59
42.58 40.78 38.99 37.2 35.45 32.32 31.23 30.17 29.03 26.27 25.15 24.95 24.91 24.87 24.83 24.78 24.73 24.68 24.63 24.56 24.51 24.46 24.42 24.43 24.46 24.5 24.53 24.56 24.63 24.67 24.77 24.82 24.87 24.9 24.95 25.84 30.27 35.04 39.81 44.58 49.34 55.36 61.61 67.71 73.92 82.32 91.4 99.61 103.3 106.5 109.6 112.8 115.9 120.2 121.3 117.8 115.7 113.5 111.4 109.3 107.2 103.6 102.5 101.9 101.2 101 101.1 102.7 102.2 101.6 101.2 101 100.7 100.5 100.2 100 99.51 98.82 98.01
41.06 39.27 37.48 35.69 33.89 32.32 29.29 28.23 27.17 25.09 24.94 24.9 24.86 24.82 24.78 24.75 24.71 24.66 24.61 24.56 24.51 24.44 24.39 24.39 24.42 24.45 24.48 24.51 24.55 24.59 24.65 24.8 24.85 24.9 24.95 25.03 28.27 33.04 37.82 42.59 47.11 51.67 58.8 65.59 71.8 79.32 88.38 97.23 102.2 105.3 108.5 111.6 115.5 120.2 121.3 121.7 119.8 117.7 115.6 111.4 109.3 106.2 104.9 104.1 103.5 103.3 103.3 102.7 102.2 103.6 103 102.7 102.4 102.2 102 101.6 100.8 100.3 99.32
39.55 37.76 35.97 34.17 32.38 30.6 29.29 28.23 25.35 24.94 24.89 24.85 24.8 24.76 24.73 24.69 24.66 24.62 24.58 24.54 24.49 24.44 24.36 24.34 24.37 24.4 24.44 24.47 24.52 24.57 24.62 24.73 24.78 24.83 24.88 25.03 26.38 31.05 35.82 40.59 45.04 51.67 54.48 61.83 69.11 76.4 85.21 94.07 101 104.2 107.3 111.2 115.9 120.6 122 121.7 121.9 119.8 117.7 115.6 113.5 111.5 108.7 106.4 105.7 105.7 105.3 104.7 104.2 103.6 103 104.4 104.2 103.9 103.6 102.9 102.1 101.4 100.4
36.53 34.74 32.95 31.17 29.38 27.6 25.81 25.01 24.95 24.88 24.84 24.75 24.7 24.66 24.61 24.58 24.54 24.51 24.47 24.44 24.4 24.37 24.33 24.3 24.33 24.33 24.38 24.43 24.48 24.53 24.58 24.68 24.74 24.79 24.84 24.89 24.94 25.23 29.05 33.82 36.59 46.49 50.57 57.48 64.92 70.92 79.72 88.14 96.63 102.5 107.2 111.9 116.6 121.4 123.4 123.3 123.2 121.9 119.8 117.7 118 116.6 113.8 112.5 111.1 110.3 109.9 109.3 108.7 108.1 106.9 106.2 105.9 105.6 106.4 105.3 104.3 103.1 101.7
35.23 33.45 31.68 29.9 28.13 26.35 25.06 24.93 24.89 24.82 24.78 24.75 24.7 24.61 24.56 24.52 24.49 24.45 24.42 24.38 24.34 24.31 24.27 24.25 24.28 24.33 24.38 24.41 24.46 24.51 24.56 24.66 24.71 24.77 24.82 24.87 24.92 24.97 27.05 31.82 36.59 44.38 47.95 53.16 61.63 70.92 79.72 85.72 94.21 102.5 108.1 112.4 117 121.7 124.1 124 123.9 123.7 121.9 119.8 118 119.2 116.4 115 113.6 112.5 111.9 111.3 110.7 110.1 109.5 108.9 108.1 107.6 106.4 105.3 104.2 103 101.7
34.02 32.25 30.47 28.7 26.92 25.29 24.95 24.9 24.85 24.76 24.72 24.69 24.65 24.61 24.51 24.47 24.43 24.39 24.36 24.32 24.29 24.25 24.22 24.22 24.25 24.3 24.36 24.41 24.46 24.49 24.54 24.64 24.69 24.74 24.8 24.85 24.9 24.95 25.62 29.83 34.6 42.26 45.83 50.52 58.98 68.25 77.29 85.72 94.21 100.6 108.6 114.5 118.3 122.4 124.8 124.7 124.6 124.5 123.9 122 120.5 119.2 116.4 117.3 115.6 114.5 113.9 113.3 112.7 112.1 111.5 110.9 110.2 109.4 108.4 107.1 105.6 102.3 101.1
34.02 32.25 29.26 27.49 25.72 24.97 24.93 24.87 24.82 24.71 24.67 24.63 24.59 24.55 24.51 24.47 24.37 24.34 24.3 24.27 24.23 24.2 24.17 24.18 24.23 24.29 24.34 24.38 24.44 24.49 24.52 24.62 24.67 24.72 24.77 24.83 24.88 24.93 24.98 27.83 32.6 40.15 44.1 49.25 56.99 65.67 74.77 83.32 91.97 100.6 106.6 114.5 120.9 124.6 126 125.9 125.7 125.5 125.4 124.4 123 121.6 118.8 117.3 115.6 116.5 115.9 115.3 114.7 114.1 113.5 112.5 110.8 109.1 107.7 106.5 105.1 103.6 102.3
32.87 31.04 29.26 26.37 25.05 24.95 24.9 24.84 24.79 24.68 24.62 24.57 24.53 24.5 24.46 24.41 24.37 24.34 24.25 24.21 24.17 24.14 24.13 24.15 24.21 24.27 24.32 24.37 24.42 24.47 24.52 24.62 24.65 24.7 24.75 24.8 24.86 24.91 24.96 26.04 30.59 38.18 43.06 48.19 55.45 63.88 72.4 81.04 89.76 98.46 106.6 114.5 121.3 125.8 127.2 127.5 127.4 127.2 127 126.2 125.1 123.8 120.8 118.9 117.2 116.5 117.9 117.3 116.6 115.6 114 111.8 109.6 107.8 106.4 105.3 104.1 102.9 101.5
32.04 30.14 28.25 26.37 25.05 24.93 24.87 24.82 24.76 24.65 24.59 24.53 24.48 24.44 24.4 24.36 24.32 24.28 24.25 24.15 24.12 24.09 24.09 24.13 24.19 24.24 24.3 24.35 24.41 24.46 24.51 24.6 24.65 24.7 24.74 24.78 24.83 24.88 24.94 25.12 28.54 37.01 42.13 47.25 53.91 62.21 70.28 78.65 87.49 96.27 104.6 112.8 121.3 126.2 127.8 129.2 129.2 129.1 128.7 127.8 126.8 125.8 122.3 120.3 119.1 118.5 117.9 117.3 116.4 114.1 111.8 109.5 107.2 105.2 103.8 102.7 101.5 100.1 96.06
33.16 31.27 29.37 27.47 24.97 24.93 24.87 24.79 24.73 24.62 24.56 24.5 24.45 24.39 24.34 24.31 24.27 24.22 24.19 24.15 24.12 24.05 24.06 24.11 24.16 24.22 24.27 24.33 24.39 24.44 24.5 24.6 24.65 24.69 24.74 24.78 24.83 24.87 24.92 24.97 26.51 36.09 41.39 46.54 51.93 59.81 67.8 77.04 85.83 94.5 104.1 114 122.9 126.2 127.8 130.3 132.1 132.7 132 131.3 130.1 128.4 125 123.6 122.6 121.4 120.1 118.6 116.4 112.9 110.6 108.3 106 103.9 102.5 101.4 99.8 95.25 89.44
31.57 29.71 27.83 25.93 24.98 24.92 24.87 24.81 24.76 24.7 24.56 24.44 24.39 24.33 24.27 24.22 24.16 24.12 24.08 24.04 24.01 24.01 24.03 24.08 24.12 24.17 24.23 24.28 24.34 24.4 24.45 24.56 24.62 24.68 24.73 24.78 24.83 24.87 24.92 24.97 26.23 36 40.09 44.18 46.93 52.27 62.62 73.46 81.02 88.73 96.55 108.7 123.2 126.7 128.5 130.4 132.4 134.2 136 134.7 133.2 131.3 126.7 124.6 123.2 121 118.7 116.4 114.1 111.8 109.5 107.2 104.9 101.4 98.92 93.62 87.98 82.46 77.15
31 29 27.06 25.31 24.95 24.89 24.84 24.78 24.73 24.67 24.56 24.47 24.41 24.36 24.3 24.19 24.13 24.08 24.02 23.98 23.96 23.96 24 24.06 24.12 24.17 24.2 24.26 24.32 24.37 24.43 24.54 24.6 24.65 24.71 24.76 24.82 24.87 24.92 24.97 26.45 26.45 34.68 42.84 46.93 52.27 60.52 70.56 79.27 87.02 94.81 105.2 121.4 126.5 128.5 130.3 132.3 134.4 136 134.7 134.4 132.2 127.6 125.1 122.7 120.3 117.9 115.5 113.2 110.8 108.4 106.1 103.7 101.4 96.73 91.49 86.26 81.87 78.63
30.59 28.58 26.57 25.03 24.93 24.87 24.81 24.76 24.7 24.64 24.53 24.47 24.41 24.34 24.28 24.22 24.17 24.11 24.05 23.94 23.92 23.93 23.98 24.04 24.09 24.15 24.2 24.24 24.29 24.35 24.4 24.52 24.57 24.63 24.68 24.74 24.8 24.85 24.91 24.96 26.45 26.41 34.09 38.12 42.14 46.16 60.52 69.51 78.37 86.12 93.83 102.4 117.2 126 127.9 129.8 132.2 134.7 137.2 136.6 134.4 132.2 129 126.2 123.6 121.2 118.7 116.3 113.8 111.4 108.9 106.5 103.8 101.1 96.73 91.49 88.15 85.74 84.35
30.15 28.14 26.12 24.97 24.92 24.86 24.8 24.74 24.69 24.63 24.51 24.45 24.4 24.34 24.28 24.2 24.14 24.08 24.02 23.96 23.9 23.88 23.96 24.01 24.07 24.12 24.18 24.24 24.29 24.32 24.37 24.49 24.54 24.6 24.65 24.71 24.77 24.83 24.9 24.96 26.41 26.55 34.04 37.83 41.78 45.81 50.46 59.63 69.51 77.47 92.74 100.6 113.5 125.2 127.5 129.9 132.5 135 137.5 138.7 136.6 134.4 129 127.4 124.7 122.2 119.8 117.3 114.8 112.2 109.4 106.6 103.7 100.9 96.41 91.51 88.15 85.74 91.4
30.15 28.14 25.68 24.96 24.9 24.85 24.79 24.73 24.67 24.61 24.5 24.44 24.38 24.32 24.26 24.2 24.11 24.05 23.99 23.93 23.88 23.84 23.87 23.93 23.98 24.04 24.15 24.21 24.26 24.32 24.37 24.46 24.52 24.58 24.64 24.71 24.77 24.83 24.9 24.96 26.55 26.68 34.17 37.92 41.66 45.49 49.84 58.64 68.38 77.47 85.23 91.54 98.88 111.1 127.1 129.4 131.7 134.1 137.4 140.2 138.6 135.8 130.2 127.4 124.7 123.2 120.6 117.8 114.9 112.1 109.2 106.4 103.6 100.8 97.75 95.39 93.43 92.34 91.4
29.79 27.7 25.68 24.96 24.88 24.82 24.76 24.71 24.65 24.59 24.47 24.41 24.35 24.29 24.23 24.17 24.11 24.05 23.96 23.91 23.85 23.8 23.84 23.89 23.95 24.01 24.06 24.12 24.17 24.23 24.34 24.46 24.52 24.58 24.65 24.71 24.77 24.84 24.9 24.96 26.68 26.82 34.31 38.06 41.8 45.55 49.46 57.54 67.26 76.53 84.29 91.54 97.48 107.6 118.4 125.9 128.2 134.2 138.4 142 140 137.2 131.5 128.6 125.8 123.2 122.1 119.3 116.5 113.7 110.9 108.1 105.3 102.7 101.9 100.5 99.78 99.08 98.38
29.64 27.34 25.28 24.94 24.88 24.77 24.72 24.66 24.61 24.55 24.44 24.38 24.32 24.26 24.2 24.14 24.08 24.02 23.96 23.91 23.82 23.77 23.81 23.86 23.92 23.97 24.03 24.08 24.14 24.2 24.26 24.33 24.45 24.58 24.65 24.71 24.78 24.84 24.9 24.97 26.82 26.96 34.45 38.19 41.94 45.68 49.7 57.23 66.19 75.52 83.21 90.34 97.48 107.6 113.7 123.2 127.6 131.7 136.2 140.8 143.8 138.6 132.9 130.1 127.3 124.9 122.1 119.3 118.8 116 113.2 110.4 107.7 105.2 104.8 104.3 103.5 103 102.4
26.97 25.12 24.92 24.85 24.78 24.71 24.65 24.6 24.48 24.43 24.33 24.27 24.22 24.17 24.12 24.07 24.01 23.96 23.9 23.85 23.79 23.74 23.77 23.82 23.88 23.95 24.01 24.07 24.14 24.2 24.27 24.33 24.46 24.52 24.59 24.65 24.71 24.78 24.84 24.91 24.97 27.09 34.58 38.47 42.21 45.99 50.26 57.99 66.42 74.67 81.1 87.95 95.08 102.8 112 121.1 129.2 136.2 141.1 145.6 146.7 144.4 141.6 136 133.5 131.1 128.8 126.5 121.1 118.3 115.6 115.1 112.3 110.1 110.1 110.1 110 109.1 107.1
