Examples/example_1/topography.grd
DSAA
786 704
425376.61794044 433727.98806115
4515717.5923327 4523196.5900332
0 456
[rows 595 to 629 of 704, columns 158 to 236 of 786]
162 163.2 164.5 167 168.2 169.6 171 172.4 174 176.1 179.3 182.3 185.2 188.3 191.4 194.4 197.4 201.5 211.6 211.3 201 193.4 186.1 178.5 170.3 151.5 142 123.7 116.5 109.5 103.2 98.12 94.17 90.43 86.9 83.36 79.83 76.29 72.87 70 66.63 63.27 59.9 56.53 53.17 50.12 46.57 45.02 43.96 43 42.13 41.35 40.6 40.26 39.53 38.82 38.1 37.39 36.67 35.96 35.24 34.3 33.23 32.17 31.15 30.19 29.46 28.21 27.91 27.37 26.83 26.29 25.75 25.21 24.75 24.42 24.13 23.85 23.56
160.7 162.1 163.5 166.6 168.2 169.8 171.3 172.6 174.1 176.3 179.3 182.3 185.6 188.6 191.6 194.5 197.4 201.8 212.6 209.1 199 191.7 184.6 177.1 168.8 151.5 144.1 136 127.2 119.2 103.5 97.95 94.49 90.96 87.43 83.89 80.36 76.82 73.37 70 66.63 64.18 60.68 57.16 53.64 50.28 45.89 44.58 43.86 43.14 42.42 41.7 40.97 40.26 39.53 38.93 38.38 37.76 37.12 36.41 35.7 34.93 33.91 32.84 31.69 30.37 29.55 28.45 27.91 27.6 27.06 26.52 25.99 25.45 24.97 24.66 24.38 24.09 23.8
160.8 162.4 164 167.1 168.7 170.2 171.8 173.1 174.3 176.7 179.7 182.6 185.6 188.6 191.5 194.3 197.1 201 212.4 207.6 197.3 190.2 183.1 175.8 167.7 151.6 144.1 136 130.9 123 113.6 104 98.09 94.78 88.15 84.82 81.4 77.88 74.38 71.01 67.63 64.18 60.84 57.33 53.81 50.41 45.98 44.61 43.9 43.2 42.5 41.83 41.16 40.38 39.54 38.93 38.38 37.66 37.11 36.57 36 35.37 34.55 33.32 31.99 30.68 29.75 28.67 28.14 27.6 27.06 26.73 26.22 25.71 25.25 24.88 24.62 24.33 24.04
160.8 162.9 164.4 167.6 169.1 170.7 172.3 173.6 174.6 177.1 180 182.9 185.8 188.6 191.5 193.6 196.4 199.2 208.7 211.8 200.9 193.2 185.7 177.8 169.5 152.9 145.4 138.2 130.9 123 113.6 104.2 98.19 94.88 91.57 88.26 84.95 81.65 74.92 71.39 67.88 64.36 60.84 57.33 53.98 50.55 46.18 44.75 44.09 43.42 42.76 42.09 41.42 40.38 39.51 38.81 38.21 37.66 36.94 36.39 35.84 35.29 34.57 33.6 32.44 31.14 29.98 28.86 28.32 27.79 27.26 26.73 26.5 26.02 25.56 25.11 24.81 24.56 24.28
161.3 162.9 165.2 168.5 170.1 171.7 173.2 174.6 176.2 178.4 180.9 183.3 185.8 188.3 190.9 193.6 196.4 198.7 205.3 212.8 203.7 194.8 186.9 178.9 170.7 153.9 145.9 138.3 130.9 123 113.6 105.5 99.45 96.02 92.71 89.41 86.11 82.81 79.47 75.99 72.3 64.78 61.13 57.51 53.98 50.92 46.85 45.17 44.35 43.68 43.02 42.35 41.57 40.35 39.49 38.79 38.09 37.48 36.94 36.39 35.66 35.11 34.27 33.34 32.41 31.44 30.31 29.06 28.54 28.03 27.52 27.01 26.5 26.02 25.88 25.42 25 24.74 24.51
161.9 163.6 165.2 168.5 170.3 171.9 173.5 175.3 177.3 179.4 181.9 184.4 186.8 189.3 191.8 194.2 196.5 198.7 200.5 210.2 209 197.7 188.2 180.1 172 155.8 147.8 138.6 130.9 123 113.6 105.5 99.45 97.44 94.14 90.83 87.53 84.17 80.69 77.19 73.59 69.82 66.04 62.26 58.48 50.92 46.85 45.76 44.61 43.95 43.28 42.61 41.56 40.31 39.47 38.76 38.06 37.36 36.76 36.21 35.66 34.87 33.97 33.04 32.11 31.24 30.55 29.32 28.82 28.31 27.8 27.29 26.8 26.34 25.88 25.42 25.28 24.91 24.76
161.7 163.3 164.9 168 169.7 171.5 173.4 175.7 177.8 179.5 181.2 183.1 185 186.9 188.9 191.1 193.5 196 198.4 203.9 212.1 203.5 198.1 187.1 175.2 159.9 152.6 143.9 134.1 125 118.1 111.3 104.5 98.87 95.56 92.26 90.07 86.57 83.08 79.59 76.09 72.4 68.62 64.85 61.04 56.97 52.83 48.17 46.47 44.92 44.47 43.8 41.49 40.25 39.43 38.72 38.02 37.31 36.61 35.91 35.31 34.59 33.68 32.89 32.23 32.47 32.12 29.93 29.38 28.87 28.37 27.9 27.44 26.98 26.52 26.06 25.62 25.23 25.12
160.8 162.4 164 167.6 169.6 171.6 173.6 175.7 177.8 177.4 179.1 181 182.9 184.9 187.3 189.7 192.1 194.5 197 199.7 208.4 209.1 198.1 191.1 176.9 161.2 154.5 146.8 137 128.1 120.9 114.2 107.4 100.9 96.97 93.56 90.07 86.57 84.28 80.78 77.29 73.7 69.92 66.12 62.07 57.93 53.78 48.52 47.11 45.41 44.47 43.8 42.7 41.45 40.22 39.41 38 37.29 36.59 35.88 35.23 34.58 33.97 33.37 32.84 32.47 32.92 30.51 29.66 29.15 28.68 28.22 27.76 27.32 26.9 26.5 26.12 25.84 25.73
160 161.8 163.7 167.7 169.7 171.6 173.2 174.5 175.9 177.4 179.1 178.8 181 183.4 185.8 188.3 190.7 193.1 195.6 198 203.5 211.6 203.3 191.1 176.9 163.2 156.5 149.4 140 131.4 123.6 116.9 110.2 103.5 98.44 94.78 91.26 87.77 84.28 81.98 78.48 74.95 71.19 67.17 63.03 58.88 54.74 48.83 47.47 46.04 44.73 43.93 42.7 41.45 40.19 39.38 38.68 37.97 37.31 36.66 35.58 35.08 34.51 33.99 33.62 33.27 32.92 30.51 30.01 29.46 29.03 28.62 28.22 27.82 27.42 27.03 26.72 26.46 26.34
157.9 159.8 161.8 167.5 169.2 170.4 171.4 172.7 174 175.3 176.9 178.8 179.7 182.2 184.6 187.1 189.6 192 194.4 197.6 203.2 211.4 205.4 193.7 178.8 163.2 156.5 151.8 143.1 134.7 126.6 119.6 112.9 106.7 101.3 96.96 93.09 89.26 85.58 81.98 78.48 76.4 72.37 68.14 63.98 59.84 55.69 49.15 47.79 46.43 45.09 43.92 42.66 41.41 40.19 39.4 38.76 38.16 37.55 37 36.51 36.02 35.53 34.77 34.42 34.07 33.72 31.33 30.01 29.46 29.53 29.13 28.73 28.33 27.94 27.62 27.33 27.08 26.96
157.7 159.6 161.5 163.4 166.4 167.4 168.4 170.9 172.2 173.5 175 177.2 179.7 182.2 183.6 186 188.3 190.7 194 197.6 203.4 211.8 207 196.5 182.7 165.4 158.5 151.8 146.2 138 129.9 122.3 116 110.4 104.8 99.61 95.63 91.76 87.89 84.02 80.15 76.4 72.37 70.19 65.84 61.49 57.14 49.52 48.19 46.87 45.42 43.98 42.68 41.4 40.16 39.4 38.76 38.45 37.92 37.43 36.95 36.46 35.98 35.62 35.38 35.15 34.86 32.22 30.98 30.01 29.53 29.65 29.25 28.85 28.52 28.23 27.94 27.72 27.59
157.7 159.4 161.2 162.5 164.5 165.5 166.6 167.9 169.2 170.5 172 176.2 178.6 181.1 183.6 184.6 187 190.3 194 197.7 203.6 211.8 207.8 199 187.7 168.4 161.1 154 146.2 138 132.9 125.2 119.6 114 108.5 102.9 98.16 94.29 90.43 86.56 82.69 78.7 74.52 70.19 68.27 63.92 59.57 50.68 48.76 47.43 45.74 44.16 42.86 41.55 40.4 39.65 39.05 38.45 38.36 37.88 37.4 36.91 36.44 36.15 35.92 35.69 35.45 35.22 33.65 32.52 31.36 29.65 29.25 29.43 29.14 28.84 28.55 28.35 28.22
157.4 159.4 161.2 160.6 162.5 163.6 164.8 166.1 167.4 169.1 171.1 173.1 175.2 177.6 182.4 184.6 187 190.4 194.1 197.8 203.7 211 208.3 201 191.8 171.7 164.3 156.8 148.9 141 132.9 127.9 122.3 117.5 112.1 106.6 101.1 96.83 92.96 89.09 85.18 81 76.86 72.62 68.27 63.92 62 52.57 49.32 47.95 46.03 44.35 43.04 41.84 40.86 39.97 39.36 38.85 38.36 37.88 37.85 37.37 36.93 36.69 36.46 36.22 35.98 35.69 34.97 34.07 32.92 31.71 30.53 29.77 29.75 29.45 29.16 28.98 28.85
155.7 156.6 157.6 158.6 160.6 161.8 161.5 163.4 165.4 167.4 169.3 171.1 173 174.9 177.1 179.6 183.1 186.8 190.5 194.2 197.9 203.1 209.9 203.5 195.8 178.1 169.4 161.4 153.6 145.7 137.9 130.7 124.3 119.6 115 112.3 107.7 102.7 98.04 94.03 89.8 85.6 81.48 77.35 73.13 68.78 64.43 54.83 50.23 48.74 46.62 44.76 43.76 42.91 42.09 41.26 40.41 39.75 39.27 38.79 38.3 37.82 37.46 37.76 37.5 37.19 36.87 36.56 35.93 35.62 35.26 34.31 32.96 31.61 30.87 30.48 30.1 29.77 30.27
153.7 154.7 155.6 156.6 158.7 160 161.5 163.4 164.4 166.1 168 169.9 171.8 173.6 175.9 179.5 183.2 186.9 190.6 194.2 197.9 203.1 207.3 210.8 205.4 181.8 172.1 164 156 148.1 140.6 133.6 126.6 121.4 116.9 112.3 109.6 105.1 100.6 96.32 92.09 87.91 83.78 79.66 75.52 71.21 66.86 57.09 51.86 48.74 46.62 45.66 44.53 43.71 42.89 42.05 41.21 40.36 39.72 39.24 38.76 38.28 38 37.76 37.5 37.63 37.32 37.01 36.41 36.1 35.69 35.11 34.01 32.66 31.69 31.3 30.91 30.49 30.27
152.1 152.7 153.7 154.7 157 158.6 160.6 162.5 164.4 164.8 166.7 168.7 170.8 173.1 175.6 179.3 183 186.7 190.4 194.1 197.6 201.5 207.3 210.8 207.9 202 185.5 175.1 166.7 150.9 143.5 136.4 129.4 123.3 118.7 114.2 109.6 105.1 102.8 98.61 94.37 90.21 86.09 81.96 77.84 73.64 69.29 59.35 54.4 50.09 47.65 45.66 45.62 44.51 43.68 42.84 42 41.15 40.32 39.69 39.21 38.78 38.53 38.26 37.94 37.63 37.32 37.49 36.88 36.58 36.12 35.57 34.94 33.7 32.55 32.12 31.72 31.22 30.98
150.9 151.1 151.7 152.7 155.7 157.6 159.4 161.1 162.9 164.8 166.7 168.4 170.6 172.9 175.4 179 182.7 186.4 189.9 193.1 196.2 199.5 204.7 210.3 207.9 204.5 189.1 178.4 169.4 161.4 154.9 148.4 139.6 125.5 120.6 116 111.5 107.1 102.8 98.61 96.67 92.52 88.39 84.27 80.14 76.01 71.72 61.86 57.16 52.46 48.95 47.12 45.62 44.51 44.48 43.64 42.79 41.94 41.1 40.27 39.66 39.3 39.01 38.7 38.39 38.09 37.79 37.49 37.36 37.04 36.54 35.99 35.44 34.7 33.48 32.94 32.5 31.94 31.7
149.6 149.8 150.1 150.9 154.4 156.1 157.9 159.8 161.7 163.8 166.1 168.4 170.6 172.7 175.2 178.7 182.2 185.4 188.6 191.7 194.9 198 202.2 208 210 204.5 189.1 182.1 172.1 164.7 159 153.4 146.1 136.4 128.1 122.4 113.6 109.4 105.1 100.9 96.67 94.83 90.7 86.57 82.45 78.32 74.13 64.61 59.92 55.23 50.76 48.58 47.07 45.59 44.48 43.64 43.92 43.01 42.09 41.2 40.35 39.78 39.48 39.18 38.87 38.57 38.27 37.97 37.36 37.04 36.96 36.42 35.87 35.32 34.44 33.76 33.23 32.65 32.41
148.3 148.6 148.9 149.7 152.9 154.8 156.9 159.1 161.4 163.7 165.9 168.2 170.5 172.7 174.8 177.7 180.9 184.1 187.2 190.4 193.5 196.7 200.1 205.4 210.1 206.8 192.8 182.1 175.3 168.7 163.1 157.5 151.8 143.2 133.2 124.6 120 115.8 111.6 107.4 98.96 94.83 90.7 88.37 84.3 80.22 76.49 67.86 63.24 58.62 54.09 50.25 48.45 46.94 45.73 44.84 43.92 44.54 43.63 42.71 41.82 40.98 40.09 39.65 39.35 39.05 38.75 38.44 37.84 37.49 36.96 36.84 36.29 35.74 35.18 34.53 33.95 33.37 33.12
148.3 147.3 147.7 148.8 152.3 154.6 156.8 159.1 161.4 163.6 165.9 168.1 170.4 172.6 174.8 177.7 179.2 182.4 185.7 188.9 192.1 195.3 198.4 202.8 208.1 208.8 196.5 185.7 175.3 168.7 167.2 161.6 155.6 148.1 138.2 127.8 121.8 117.6 113.6 109.7 106 101.4 96.53 92.45 85.75 82.06 78.99 71.46 66.84 62.22 57.82 53.61 50.01 48.33 47.22 46.33 45.44 44.54 43.63 44.25 43.39 42.6 41.77 40.64 39.85 39.53 39.22 38.92 38.32 37.93 37.39 36.84 36.29 36.21 35.8 35.27 34.67 34.08 33.84
145.7 146 147.1 148.9 152.7 155.5 157.7 159.8 161.9 163.9 165.9 167.8 169.5 171.2 172.9 174.7 177.5 180.7 183.9 185.4 188.8 192.1 195.5 198.8 203.4 208.5 202.5 194.6 185.3 177.6 171.3 165.5 158.8 155.4 147.5 137 129.6 124.4 120.5 116.8 113.1 107.9 99.7 95.35 91.27 87.59 84.6 81.52 77.57 73.96 69.54 61.44 57.46 53.44 50.69 49.39 48.5 47.61 46.72 45.83 45.04 44.18 45.05 44.17 43.34 42.16 40.82 39.94 39.27 38.78 38.23 37.75 37.37 37.06 36.63 36.02 37.35 36.98 36.74
144.4 144.8 146.7 149.1 153.2 155.5 157.5 159.5 161.5 163.4 165.2 166.9 168.6 170.3 172 173.7 175.8 178.9 182.1 185.4 188.8 190.7 194 197.4 201.2 206.2 204.6 198.8 190.9 183.2 175.6 168.9 162.2 155.4 147.5 142.1 135.1 129.4 124.2 120.4 116.7 111.1 102.1 96.8 93.12 90.13 87.2 84.05 77.57 77 73.23 69.08 64.94 60.8 56.76 52.29 50.53 49.3 48.41 47.55 46.89 46.1 45.05 44.17 47.34 46.13 45 43.76 41.41 40.54 39.92 39.54 39.22 38.75 38.21 37.76 37.35 36.98 37.98
143.2 143.9 146.4 149.1 153.4 155.5 157.5 159.5 160.8 162.5 164.2 165.9 167.6 169.3 171 172.8 174.6 177.3 180.6 184 187.3 190.7 192.6 195.9 199.4 203.9 206.2 201.5 194.9 187.1 179.6 172.8 166 159.3 151.9 142.1 135.1 135 129.2 124.1 120.3 114.4 105.2 98.64 95.66 92.74 89.77 86.57 80.09 77 73.23 75.83 71.39 67.25 63.67 61.35 59.47 57.58 53.86 52.23 50.89 49.85 49.12 48.44 47.34 48.55 47.41 46.34 44.18 43.17 42.26 41.33 40.47 39.84 39.39 38.98 38.57 38.25 37.98
141.4 141.9 146.2 149 153.1 155.1 157.1 159.1 160.8 162.5 163.4 165.2 167 168.9 170.8 172.7 174.6 177.3 180.4 183.3 186.3 189.5 192.6 195.9 198.6 202.4 207.4 203.2 198.2 190.6 183.6 176.8 170 163.2 155.7 147.3 140.7 135 138.9 133.6 128.3 122.6 115.8 108.9 102.2 97.95 94.86 91.88 87.15 84.84 81.29 75.83 71.39 70.57 67.18 64.94 63.06 61.18 59.41 57.76 56.21 54.79 51.97 50.68 49.65 48.55 47.41 48.64 46.55 45.57 44.73 43.81 42.87 42.04 41.22 40.45 39.85 39.51 39.25
140.1 141.6 143.9 146.2 148.8 154.7 156.5 158.2 159.9 161.6 163.4 165.3 167.2 169.1 171 172.9 174.9 177.7 180.7 183.8 186.8 189.8 192.8 195.7 198.6 202.4 208.4 205.6 202.6 199.2 192.2 185 178 171 163.4 156.3 149.8 144.3 138.9 133.6 131.9 127.5 122.3 115.4 108.4 101.7 98.11 95.8 91.18 88.87 85.63 80.06 74.74 70.57 70.73 68.54 66.69 64.99 63.35 61.71 60.19 58.78 57.36 55.95 54.54 52.94 49.76 48.64 46.55 47.44 46.67 45.94 45.19 44.38 43.52 42.66 41.8 41.14 40.75
139.5 141.8 144.1 146.4 148.7 152.2 154 155.8 157.7 161.5 163.4 165.3 167.2 169.8 171.5 173.3 175.6 178.7 181.8 184.9 188.1 191.3 194.5 197.7 200.5 203.5 208.4 207.4 204.5 201.9 197.7 190.3 182.9 175.2 167.8 160.8 154.1 147.9 142.5 137.2 131.9 127.5 127.4 122.1 115.2 108.5 103.7 100.1 95.2 92.89 89.87 84.4 78.82 74.05 70.73 68.54 70.58 68.94 67.3 65.66 64.17 62.76 61.35 59.82 57.85 56.03 54.36 52.63 50.93 47.44 48.5 47.77 47.04 46.31 45.58 44.8 43.97 43.12 42.6
140.2 142.8 145.4 148 150.1 153.5 155.3 157.1 158.9 160.7 162.6 164.4 166.2 169.8 171.6 173.8 176.7 180.5 183.8 187 190.2 193.4 196.6 199.7 201.7 204.5 208.3 207.4 204.5 204 201.3 196 188.1 179.9 172.2 165.4 158.7 152 146.1 140.8 135.6 131.4 127.4 127.3 121.9 115.6 110.8 106.6 99.38 96.92 94.05 88.74 83.51 78.65 74.39 72.24 70.58 72.89 71.25 69.62 68.15 66.68 64.84 62.66 60.77 59.21 57.5 55.77 54.04 50.65 49.32 48.5 49.7 48.14 47.42 46.69 45.96 45.21 44.49
140.7 143.3 145.9 148.2 150.6 153.7 155.4 157.1 158.8 160.5 162.2 163.9 165.7 167.8 170 172.3 174.6 178 183 186.8 194.3 197.5 200.4 202.3 204.1 205.4 205.9 206 206.9 206.4 203.7 200.2 199.1 191.6 183.5 175.5 168.6 161.8 154.6 148 143.1 139.1 135.1 131.1 127.2 122.8 125 120.7 112.5 108.7 105 98.97 93.94 89.14 84.62 82.03 79.78 77.53 75.42 73.58 71.8 72.28 70.26 68.71 67.19 65.5 63.78 62.05 60.45 58.05 56.97 55.49 53.64 51.79 50.31 52.74 51 49.7 48.89
140.3 142.9 145.6 148.2 150.6 153.1 154.8 156.5 158.2 159.9 161.8 164 166.3 168.5 170.8 173.1 175.6 179.3 183 188 191.9 196 199.5 201.5 203.9 203.3 202.4 202.9 203.8 206 205.7 202.4 199.1 191.6 189.6 181.5 173.7 166.7 159.5 152.2 147 143.1 139.1 135.2 131.3 128.1 125 120.7 119.8 116.4 112.9 106.7 99.51 94.41 89.97 87.45 85.2 82.94 80.58 77.69 74.59 72.28 73.43 71.93 70.37 68.65 67.12 65.88 64.8 62.64 61.55 60.14 58.29 56.44 54.59 52.74 51 53.13 51.26
139.7 142.3 145.1 147.8 150.2 153.1 154.8 156 158 160.3 162.5 164.8 167.1 169.3 171.6 173.9 176.9 180.6 184.3 188 191.9 197 200.3 201.9 202.6 202.2 201.3 199.6 200.8 203.7 206.2 204.3 201.8 197.5 189.6 189.4 181.4 173.5 166.7 160.3 152.8 147.3 143.4 139.5 135.6 132.6 129.7 126.8 119.8 116.4 120.7 115.6 107.5 100.1 95.31 92.85 90.48 87.97 85.31 81.89 78.36 75.34 73.43 71.93 73.81 72.64 71.55 70.47 69.39 67.22 66.14 64.79 62.94 61.09 59.24 57.25 55.09 53.13 54.44
139.5 141.8 144.4 147.1 149.5 152.5 154.2 156 158.8 161 163.3 165.6 167.8 170.1 172.4 174.7 178.1 181.9 185.6 189.3 193 197 200.3 201.3 200.8 200.2 198.9 195.9 196.8 199.9 202.7 205.6 203.4 201.2 196.9 189.4 181.4 187.6 177.6 169.8 161.8 153.4 147.6 143.7 140 137 134.1 131.1 126.6 123.9 120.7 123.9 116.5 108.4 101.3 97.87 95.33 92.78 89.61 86.35 83.62 81.11 78.24 75.6 73.81 72.64 76.62 75.3 74.02 71.81 70.73 69.43 67.58 65.62 63.41 61.09 59.01 56.16 54.44
139.4 141.6 143.8 146.4 148.8 152.1 154.2 156.5 158.8 161 164.1 166.4 168.6 170.9 173.2 175.8 179.4 183.1 186.9 190.6 194.3 198.1 200.6 201.3 198.8 197.1 195.4 193 196.1 199.6 202.4 204.5 205.7 205.3 203.5 200.2 195.4 187.6 177.6 181.5 171.8 162.7 154 147.9 144.3 141.4 138.4 135.3 131.4 129.3 127.2 123.9 116.5 117.9 110.6 105.4 100.8 97.54 94.82 92.34 89.86 87.37 84.56 81.75 79.7 78.11 76.62 81.5 79.99 76.96 75.61 73.98 71.78 69.46 67.14 64.91 62.07 59.14 57.62
139.3 141.5 143.7 146 148.2 152.8 155 157.3 159.6 161.8 164.1 166.4 169.4 171.7 173.9 177 180.7 184.4 188.1 191.9 195.6 199.1 200.3 200 198.8 197.1 191.7 191.3 195.2 199 201.1 202.3 203.4 204.6 205.2 204.6 203.1 201.5 193.4 181.5 182.6 175.5 166.3 156.1 148.9 145.5 142.5 139.5 136.2 134.1 131.9 128.9 124.9 117.9 110.6 114.7 109 103.9 101.1 98.58 96.09 93.61 90.87 88.48 86.44 84.56 83.02 81.5 79.99 83.19 80.65 77.93 75.54 73.19 70.85 68.02 64.88 62.14 60.81
141.8 144.2 146.6 149.1 151 154.3 156.4 158.8 161.1 163.4 165.7 167.9 170.2 172.5 174.8 179.6 183.3 187 190.7 194.2 197 197.3 194.6 192.4 190.7 189 187.3 189.1 193 193.1 194.7 196.1 197.4 198.8 200.1 201.3 202.6 204 203.9 202.2 200.7 193.8 185.1 188.1 182 175.7 153.8 148.5 145.5 143.6 140.6 137.1 134.1 131.4 127.5 122.5 116.7 111.1 114.4 111.8 109.1 106.7 104.8 102.5 100.2 98.03 96.01 94.34 92.72 87.33 84.3 81.78 83.15 80.35 76.98 73.64 70.49 68.44 67.04
141.8 144.2 147.9 150.3 152.3 156 157.6 159.5 161.9 164.2 166.4 168.7 171 173.2 175.9 179.6 184.6 188.2 191.6 194.9 196 193.5 190.5 187.9 186.2 184.5 183.5 186.7 190.5 193.1 194.7 192.7 194.1 195.5 196.8 198.3 200.8 202.2 203.7 203.5 202 200.7 194.7 188.1 182 190.3 183 173.8 163.5 148.4 145.6 143.3 140.9 137.8 133.1 128.9 124.3 118.7 114.4 118.5 116.3 114.1 112.5 110.8 108.3 105.9 103.4 100.3 97.09 90.93 88.04 85.63 83.15 80.35 80.11 76.61 73.33 71.51 69.89
